0.0 0.14804931784641245 0.10107860504862289 0.47659423495597636 0.31926082901968134 0.47659423495597636 0.4765942344596974 0.47659423470783685
0.14804931784641245 0.0 0.14804931784641245 0.47659423421155794 0.3192608282752629 0.47659423421155794 0.476594233715279 0.4765942339634185
0.10107860504862289 0.14804931784641245 0.0 0.47659423495597636 0.31926082901968134 0.47659423495597636 0.4765942344596974 0.47659423470783685
0.47659423495597636 0.47659423421155794 0.47659423495597636 0.0 0.47659423669295264 0.020700515059571194 0.21265862674705963 0.2450636361185603
0.31926082901968134 0.3192608282752629 0.31926082901968134 0.47659423669295264 0.0 0.47659423669295264 0.4765942361966737 0.47659423644481314
0.47659423495597636 0.47659423421155794 0.47659423495597636 0.020700515059571194 0.47659423669295264 0.0 0.21265862674705963 0.2450636361185603
0.4765942344596974 0.476594233715279 0.4765942344596974 0.21265862674705963 0.4765942361966737 0.21265862674705963 0.0 0.24506363562228137
0.47659423470783685 0.4765942339634185 0.47659423470783685 0.2450636361185603 0.47659423644481314 0.2450636361185603 0.24506363562228137 0.0
