0.0 0.43136050030428985 0.43136050030428985 0.11139184265053349 0.4313604966003811 0.4313604979893469 0.4313604979893469 0.4313604979893469
0.43136050030428985 0.0 0.025524077844307665 0.43136050030428985 0.2852984461587469 0.3330637779784755 0.3330637779784755 0.3330637779784755
0.43136050030428985 0.025524077844307665 0.0 0.43136050030428985 0.2852984461587469 0.3330637779784755 0.3330637779784755 0.3330637779784755
0.11139184265053349 0.43136050030428985 0.43136050030428985 0.0 0.4313604966003811 0.4313604979893469 0.4313604979893469 0.4313604979893469
0.4313604966003811 0.2852984461587469 0.2852984461587469 0.4313604966003811 0.0 0.33306377427456674 0.33306377427456674 0.33306377427456674
0.4313604979893469 0.3330637779784755 0.3330637779784755 0.4313604979893469 0.33306377427456674 0.0 0.10456846490391888 0.27743239587428997
0.4313604979893469 0.3330637779784755 0.3330637779784755 0.4313604979893469 0.33306377427456674 0.10456846490391888 0.0 0.27743239587428997
0.4313604979893469 0.3330637779784755 0.3330637779784755 0.4313604979893469 0.33306377427456674 0.27743239587428997 0.27743239587428997 0.0
