0.0 0.009564964877327666 0.6832419816625772 0.6832419821483731 0.6832419816625772 0.6832419821483731 0.6832419821483731 0.6832419821483731
0.009564964877327666 0.0 0.6832419816625772 0.6832419821483731 0.6832419816625772 0.6832419821483731 0.6832419821483731 0.6832419821483731
0.6832419816625772 0.6832419816625772 0.0 0.4399439852401356 0.07095526339602572 0.4399439852401356 0.4399439852401356 0.4399439852401356
0.6832419821483731 0.6832419821483731 0.4399439852401356 0.0 0.4399439852401356 0.018944950744609352 0.03985169473652253 0.05425517719442893
0.6832419816625772 0.6832419816625772 0.07095526339602572 0.4399439852401356 0.0 0.4399439852401356 0.4399439852401356 0.4399439852401356
0.6832419821483731 0.6832419821483731 0.4399439852401356 0.018944950744609352 0.4399439852401356 0.0 0.03985169473652253 0.05425517719442893
0.6832419821483731 0.6832419821483731 0.4399439852401356 0.03985169473652253 0.4399439852401356 0.03985169473652253 0.0 0.05425517719442893
0.6832419821483731 0.6832419821483731 0.4399439852401356 0.05425517719442893 0.4399439852401356 0.05425517719442893 0.05425517719442893 0.0
