0.0 0.09452992702526923 0.44292778265418353 0.44292778344484707 0.44292778344484707 0.44292778265418353 0.44292778265418353 0.4429277831994687
0.09452992702526923 0.0 0.44292778265418353 0.44292778344484707 0.44292778344484707 0.44292778265418353 0.44292778265418353 0.4429277831994687
0.44292778265418353 0.44292778265418353 0.0 0.17070203809893267 0.17070203809893267 0.37366947749462703 0.37366947749462703 0.3845400917405663
0.44292778344484707 0.44292778344484707 0.17070203809893267 0.0 0.0006565031443080903 0.3736694782852905 0.3736694782852905 0.3845400925312299
0.44292778344484707 0.44292778344484707 0.17070203809893267 0.0006565031443080903 0.0 0.3736694782852905 0.3736694782852905 0.3845400925312299
0.44292778265418353 0.44292778265418353 0.37366947749462703 0.3736694782852905 0.3736694782852905 0.0 0.09004639585198052 0.3845400917405663
0.44292778265418353 0.44292778265418353 0.37366947749462703 0.3736694782852905 0.3736694782852905 0.09004639585198052 0.0 0.3845400917405663
0.4429277831994687 0.4429277831994687 0.3845400917405663 0.3845400925312299 0.3845400925312299 0.3845400917405663 0.3845400917405663 0.0
