0.0 0.23599115973331308 0.23599115973331308 0.06777093017934976 0.14310259594865193 0.2605224117096969 0.5320926897259464 0.5320926897259464
0.23599115973331308 0.0 0.1901058787215948 0.23599115973331308 0.23599115973331308 0.26052241349250665 0.5320926915087562 0.5320926915087562
0.23599115973331308 0.1901058787215948 0.0 0.23599115973331308 0.23599115973331308 0.26052241349250665 0.5320926915087562 0.5320926915087562
0.06777093017934976 0.23599115973331308 0.23599115973331308 0.0 0.14310259594865193 0.2605224117096969 0.5320926897259464 0.5320926897259464
0.14310259594865193 0.23599115973331308 0.23599115973331308 0.14310259594865193 0.0 0.2605224117096969 0.5320926897259464 0.5320926897259464
0.2605224117096969 0.26052241349250665 0.26052241349250665 0.2605224117096969 0.2605224117096969 0.0 0.5320926909739132 0.5320926909739132
0.5320926897259464 0.5320926915087562 0.5320926915087562 0.5320926897259464 0.5320926897259464 0.5320926909739132 0.0 0.03832164122472422
0.5320926897259464 0.5320926915087562 0.5320926915087562 0.5320926897259464 0.5320926897259464 0.5320926909739132 0.03832164122472422 0.0
