0.0 0.013365827788105444 0.3241015895691988 0.36815272446265584 0.18622980158745236 0.36815272446265584 0.5091932860728143 0.5091932860728143
0.013365827788105444 0.0 0.3241015895691988 0.36815272446265584 0.18622980158745236 0.36815272446265584 0.5091932860728143 0.5091932860728143
0.3241015895691988 0.3241015895691988 0.0 0.3681527218798144 0.324101593443461 0.3681527218798144 0.5091932834899728 0.5091932834899728
0.36815272446265584 0.36815272446265584 0.3681527218798144 0.0 0.36815272833691803 0.08818774707988045 0.5091932862573031 0.5091932862573031
0.18622980158745236 0.18622980158745236 0.324101593443461 0.36815272833691803 0.0 0.36815272833691803 0.5091932899470765 0.5091932899470765
0.36815272446265584 0.36815272446265584 0.3681527218798144 0.08818774707988045 0.36815272833691803 0.0 0.5091932862573031 0.5091932862573031
0.5091932860728143 0.5091932860728143 0.5091932834899728 0.5091932862573031 0.5091932899470765 0.5091932862573031 0.0 0.001575735891168905
0.5091932860728143 0.5091932860728143 0.5091932834899728 0.5091932862573031 0.5091932899470765 0.5091932862573031 0.001575735891168905 0.0
