0.0 0.08724247259518662 0.14763221385329617 0.2698381408631938 0.2698381408631938 0.3414354495990864 0.3546905339364953 0.38750479963459195
0.08724247259518662 0.0 0.14763221385329617 0.2698381408631938 0.2698381408631938 0.3414354495990864 0.3546905339364953 0.38750479963459195
0.14763221385329617 0.14763221385329617 0.0 0.2698381393567507 0.2698381393567507 0.34143544809264326 0.3546905324300522 0.38750479812814875
0.2698381408631938 0.2698381408631938 0.2698381393567507 0.0 0.02415158687067163 0.3414354526119727 0.35469053694938163 0.3875048026474783
0.2698381408631938 0.2698381408631938 0.2698381393567507 0.02415158687067163 0.0 0.3414354526119727 0.35469053694938163 0.3875048026474783
0.3414354495990864 0.3414354495990864 0.34143544809264326 0.3414354526119727 0.3414354526119727 0.0 0.3546905354429385 0.38750480114103514
0.3546905339364953 0.3546905339364953 0.3546905324300522 0.35469053694938163 0.35469053694938163 0.3546905354429385 0.0 0.38750479963459195
0.38750479963459195 0.38750479963459195 0.38750479812814875 0.3875048026474783 0.3875048026474783 0.38750480114103514 0.38750479963459195 0.0
