0.0 0.26327194747445787 0.26327194747445787 0.10144581811508513 0.10023538950315235 0.27261182067697504 0.5788000606231247 0.5788000606231247
0.26327194747445787 0.0 0.045687534052379006 0.26327194841872703 0.26327194747445787 0.2726118223476051 0.5788000622937548 0.5788000622937548
0.26327194747445787 0.045687534052379006 0.0 0.26327194841872703 0.26327194747445787 0.2726118223476051 0.5788000622937548 0.5788000622937548
0.10144581811508513 0.26327194841872703 0.26327194841872703 0.0 0.10144581811508513 0.2726118216212442 0.5788000615673939 0.5788000615673939
0.10023538950315235 0.26327194747445787 0.26327194747445787 0.10144581811508513 0.0 0.27261182067697504 0.5788000606231247 0.5788000606231247
0.27261182067697504 0.2726118223476051 0.2726118223476051 0.2726118216212442 0.27261182067697504 0.0 0.5788000626569353 0.5788000626569353
0.5788000606231247 0.5788000622937548 0.5788000622937548 0.5788000615673939 0.5788000606231247 0.5788000626569353 0.0 0.05914736428299154
0.5788000606231247 0.5788000622937548 0.5788000622937548 0.5788000615673939 0.5788000606231247 0.5788000626569353 0.05914736428299154 0.0
