0.0 0.41144945545819883 0.4114494580531444 0.19699408300620463 0.41144945545819883 0.41144945545819883 0.41144945450671877 0.41144945450671877
0.41144945545819883 0.0 0.220756585308169 0.41144945545819883 0.10059051731261838 0.2476666752947742 0.26388899067202526 0.26388899067202526
0.4114494580531444 0.220756585308169 0.0 0.4114494580531444 0.220756585308169 0.24766667788971977 0.26388899326697085 0.26388899326697085
0.19699408300620463 0.41144945545819883 0.4114494580531444 0.0 0.41144945545819883 0.41144945545819883 0.41144945450671877 0.41144945450671877
0.41144945545819883 0.10059051731261838 0.220756585308169 0.41144945545819883 0.0 0.2476666752947742 0.26388899067202526 0.26388899067202526
0.41144945545819883 0.2476666752947742 0.24766667788971977 0.41144945545819883 0.2476666752947742 0.0 0.26388899067202526 0.26388899067202526
0.41144945450671877 0.26388899067202526 0.26388899326697085 0.41144945450671877 0.26388899067202526 0.26388899067202526 0.0 0.14720423584634487
0.41144945450671877 0.26388899067202526 0.26388899326697085 0.41144945450671877 0.26388899067202526 0.26388899067202526 0.14720423584634487 0.0
