0.0 0.04022624503410121 0.19287153994510273 0.19725797329273762 0.47407781742412186 0.47407781742412186 0.4740778206951532 0.4740778206951532
0.04022624503410121 0.0 0.19287153994510273 0.19725797329273762 0.47407781742412186 0.47407781742412186 0.4740778206951532 0.4740778206951532
0.19287153994510273 0.19287153994510273 0.0 0.19725796920394847 0.47407781333533267 0.47407781333533267 0.47407781660636406 0.47407781660636406
0.19725797329273762 0.19725797329273762 0.19725796920394847 0.0 0.47407781660636406 0.47407781660636406 0.4740778198773953 0.4740778198773953
0.47407781742412186 0.47407781742412186 0.47407781333533267 0.47407781660636406 0.0 0.038112157878471505 0.4555972878907992 0.4555972878907992
0.47407781742412186 0.47407781742412186 0.47407781333533267 0.47407781660636406 0.038112157878471505 0.0 0.4555972878907992 0.4555972878907992
0.4740778206951532 0.4740778206951532 0.47407781660636406 0.4740778198773953 0.4555972878907992 0.4555972878907992 0.0 0.12777916274605966
0.4740778206951532 0.4740778206951532 0.47407781660636406 0.4740778198773953 0.4555972878907992 0.4555972878907992 0.12777916274605966 0.0
