0.0 0.393898525328018 0.23590294305837387 0.4677761356006843 0.13481344970076664 0.4677761356006843 0.4677761356006843 0.4677761356006843
0.393898525328018 0.0 0.3938985209459837 0.4677761323141586 0.393898525328018 0.4677761323141586 0.4677761323141586 0.4677761323141586
0.23590294305837387 0.3938985209459837 0.0 0.46777613121865 0.23590294305837387 0.46777613121865 0.46777613121865 0.46777613121865
0.4677761356006843 0.4677761323141586 0.46777613121865 0.0 0.4677761356006843 0.06390757295806666 0.08742629286838989 0.14849895255357615
0.13481344970076664 0.393898525328018 0.23590294305837387 0.4677761356006843 0.0 0.4677761356006843 0.4677761356006843 0.4677761356006843
0.4677761356006843 0.4677761323141586 0.46777613121865 0.06390757295806666 0.4677761356006843 0.0 0.08742629286838989 0.14849895255357615
0.4677761356006843 0.4677761323141586 0.46777613121865 0.08742629286838989 0.4677761356006843 0.08742629286838989 0.0 0.14849895255357615
0.4677761356006843 0.4677761323141586 0.46777613121865 0.14849895255357615 0.4677761356006843 0.14849895255357615 0.14849895255357615 0.0
