0.0 0.7697153105982305 0.7697153105982305 0.7697153105982305 0.03641442997945612 0.7697153105982305 0.7697153105982305 0.769715311094433
0.7697153105982305 0.0 0.015774240334266585 0.05538081408728725 0.7697153105982305 0.08212126502470117 0.1330627589554203 0.13781586992620495
0.7697153105982305 0.015774240334266585 0.0 0.05538081408728725 0.7697153105982305 0.08212126502470117 0.1330627589554203 0.13781586992620495
0.7697153105982305 0.05538081408728725 0.05538081408728725 0.0 0.7697153105982305 0.08212126502470117 0.1330627589554203 0.13781586992620495
0.03641442997945612 0.7697153105982305 0.7697153105982305 0.7697153105982305 0.0 0.7697153105982305 0.7697153105982305 0.769715311094433
0.7697153105982305 0.08212126502470117 0.08212126502470117 0.08212126502470117 0.7697153105982305 0.0 0.1330627589554203 0.13781586992620495
0.7697153105982305 0.1330627589554203 0.1330627589554203 0.1330627589554203 0.7697153105982305 0.1330627589554203 0.0 0.13781586992620495
0.769715311094433 0.13781586992620495 0.13781586992620495 0.13781586992620495 0.769715311094433 0.13781586992620495 0.13781586992620495 0.0
