0.0 0.17880500723471124 0.437894996512891 0.437894996512891 0.22900129397739966 0.437894996512891 0.437894996512891 0.437894998171538
0.17880500723471124 0.0 0.437894996512891 0.437894996512891 0.22900129397739966 0.437894996512891 0.437894996512891 0.437894998171538
0.437894996512891 0.437894996512891 0.0 0.0472807734938258 0.4378949954071264 0.34185456229129996 0.34185456229129996 0.34185456394994695
0.437894996512891 0.437894996512891 0.0472807734938258 0.0 0.4378949954071264 0.34185456229129996 0.34185456229129996 0.34185456394994695
0.22900129397739966 0.22900129397739966 0.4378949954071264 0.4378949954071264 0.0 0.4378949954071264 0.4378949954071264 0.4378949970657734
0.437894996512891 0.437894996512891 0.34185456229129996 0.34185456229129996 0.4378949954071264 0.0 0.02470298897599477 0.3025653804481042
0.437894996512891 0.437894996512891 0.34185456229129996 0.34185456229129996 0.4378949954071264 0.02470298897599477 0.0 0.3025653804481042
0.437894998171538 0.437894998171538 0.34185456394994695 0.34185456394994695 0.4378949970657734 0.3025653804481042 0.3025653804481042 0.0
