0.0 0.14469776848052945 0.5124944332597582 0.061239943950527884 0.2151361335143849 0.5124944332597582 0.5124944333406688 0.5124944333406688
0.14469776848052945 0.0 0.5124944332597582 0.14469776848052945 0.2151361335143849 0.5124944332597582 0.5124944333406688 0.5124944333406688
0.5124944332597582 0.5124944332597582 0.0 0.5124944332597582 0.5124944340688645 0.004726774481270131 0.31711936954611747 0.31711936954611747
0.061239943950527884 0.14469776848052945 0.5124944332597582 0.0 0.2151361335143849 0.5124944332597582 0.5124944333406688 0.5124944333406688
0.2151361335143849 0.2151361335143849 0.5124944340688645 0.2151361335143849 0.0 0.5124944340688645 0.5124944341497752 0.5124944341497752
0.5124944332597582 0.5124944332597582 0.004726774481270131 0.5124944332597582 0.5124944340688645 0.0 0.31711936954611747 0.31711936954611747
0.5124944333406688 0.5124944333406688 0.31711936954611747 0.5124944333406688 0.5124944341497752 0.31711936954611747 0.0 0.23209114261763644
0.5124944333406688 0.5124944333406688 0.31711936954611747 0.5124944333406688 0.5124944341497752 0.31711936954611747 0.23209114261763644 0.0
