0.0 0.4352399574865189 0.4352399574865189 0.11778705678807393 0.08539573093636507 0.43523995778354896 0.43523995481324784 0.4618436889327706
0.4352399574865189 0.0 0.0416874812872697 0.43523995600136833 0.4352399574865189 0.11611243484942524 0.2800899634600768 0.4618436901208911
0.4352399574865189 0.0416874812872697 0.0 0.43523995600136833 0.4352399574865189 0.11611243484942524 0.2800899634600768 0.4618436901208911
0.11778705678807393 0.43523995600136833 0.43523995600136833 0.0 0.11778705678807393 0.4352399562983984 0.43523995332809723 0.46184368744762005
0.08539573093636507 0.4352399574865189 0.4352399574865189 0.11778705678807393 0.0 0.43523995778354896 0.43523995481324784 0.4618436889327706
0.43523995778354896 0.11611243484942524 0.11611243484942524 0.4352399562983984 0.43523995778354896 0.0 0.2800899637571069 0.46184369041792117
0.43523995481324784 0.2800899634600768 0.2800899634600768 0.43523995332809723 0.43523995481324784 0.2800899637571069 0.0 0.46184368744762005
0.4618436889327706 0.4618436901208911 0.4618436901208911 0.46184368744762005 0.4618436889327706 0.46184369041792117 0.46184368744762005 0.0
