0.0 0.0005379605778158721 0.2382523313671916 0.47306568363625273 0.2317566447985004 0.47306568363625273 0.4730656772030174 0.4730656772030174
0.0005379605778158721 0.0 0.2382523313671916 0.47306568363625273 0.2317566447985004 0.47306568363625273 0.4730656772030174 0.4730656772030174
0.2382523313671916 0.2382523313671916 0.0 0.4730656793075702 0.23825232727766282 0.4730656793075702 0.47306567287433493 0.47306567287433493
0.47306568363625273 0.47306568363625273 0.4730656793075702 0.0 0.47306567954672396 0.0010044489635138633 0.3522500190505277 0.3522500190505277
0.2317566447985004 0.2317566447985004 0.23825232727766282 0.47306567954672396 0.0 0.47306567954672396 0.4730656731134886 0.4730656731134886
0.47306568363625273 0.47306568363625273 0.4730656793075702 0.0010044489635138633 0.47306567954672396 0.0 0.3522500190505277 0.3522500190505277
0.4730656772030174 0.4730656772030174 0.47306567287433493 0.3522500190505277 0.4730656731134886 0.3522500190505277 0.0 0.23006724282139182
0.4730656772030174 0.4730656772030174 0.47306567287433493 0.3522500190505277 0.4730656731134886 0.3522500190505277 0.23006724282139182 0.0
