0.0 0.0005979095974685821 0.038296454642964675 0.2189864660489923 0.06567427678133701 0.2189864660489923 0.4663693683166332 0.5787411295072644
0.0005979095974685821 0.0 0.038296454642964675 0.2189864660489923 0.06567427678133701 0.2189864660489923 0.4663693683166332 0.5787411295072644
0.038296454642964675 0.038296454642964675 0.0 0.21898646613633502 0.06567427686867972 0.21898646613633502 0.4663693684039759 0.5787411295946072
0.2189864660489923 0.2189864660489923 0.21898646613633502 0.0 0.21898646671861974 0.052593261172711285 0.4663693684039759 0.5787411295946072
0.06567427678133701 0.06567427678133701 0.06567427686867972 0.21898646671861974 0.0 0.21898646671861974 0.4663693689862606 0.5787411301768919
0.2189864660489923 0.2189864660489923 0.21898646613633502 0.052593261172711285 0.21898646671861974 0.0 0.4663693684039759 0.5787411295946072
0.4663693683166332 0.4663693683166332 0.4663693684039759 0.4663693684039759 0.4663693689862606 0.4663693684039759 0.0 0.5787411330883157
0.5787411295072644 0.5787411295072644 0.5787411295946072 0.5787411295946072 0.5787411301768919 0.5787411295946072 0.5787411330883157 0.0
