0.0 0.3294180536433362 0.3294180536433362 0.3294180536433362 0.014003754401195967 0.3294180536433362 0.3294180536433362 0.3601641621655024
0.3294180536433362 0.0 0.18578941358831438 0.3134909663741279 0.3294180536433362 0.3134909663741279 0.3134909663741279 0.36016416766659354
0.3294180536433362 0.18578941358831438 0.0 0.3134909663741279 0.3294180536433362 0.3134909663741279 0.3134909663741279 0.36016416766659354
0.3294180536433362 0.3134909663741279 0.3134909663741279 0.0 0.3294180536433362 0.21269054819916436 0.2242789339617653 0.36016416766659354
0.014003754401195967 0.3294180536433362 0.3294180536433362 0.3294180536433362 0.0 0.3294180536433362 0.3294180536433362 0.3601641621655024
0.3294180536433362 0.3134909663741279 0.3134909663741279 0.21269054819916436 0.3294180536433362 0.0 0.2242789339617653 0.36016416766659354
0.3294180536433362 0.3134909663741279 0.3134909663741279 0.2242789339617653 0.3294180536433362 0.2242789339617653 0.0 0.36016416766659354
0.3601641621655024 0.36016416766659354 0.36016416766659354 0.36016416766659354 0.3601641621655024 0.36016416766659354 0.36016416766659354 0.0
