0.0 0.22881505982935643 0.6882573353025533 0.6882573357397287 0.6882573353025533 0.6882573350111029 0.6882573353025533 0.6882573374884308
0.22881505982935643 0.0 0.6882573353025533 0.6882573357397287 0.6882573353025533 0.6882573350111029 0.6882573353025533 0.6882573374884308
0.6882573353025533 0.6882573353025533 0.0 0.030228026969394715 0.0043659585792406265 0.08658630107831367 0.08858296433285573 0.18490701627412967
0.6882573357397287 0.6882573357397287 0.030228026969394715 0.0 0.030228026969394715 0.08658630151548916 0.08858296477003122 0.1849070167113052
0.6882573353025533 0.6882573353025533 0.0043659585792406265 0.030228026969394715 0.0 0.08658630107831367 0.08858296433285573 0.18490701627412967
0.6882573350111029 0.6882573350111029 0.08658630107831367 0.08658630151548916 0.08658630107831367 0.0 0.0885829640414054 0.18490701598267933
0.6882573353025533 0.6882573353025533 0.08858296433285573 0.08858296477003122 0.08858296433285573 0.0885829640414054 0.0 0.18490701627412967
0.6882573374884308 0.6882573374884308 0.18490701627412967 0.1849070167113052 0.18490701627412967 0.18490701598267933 0.18490701627412967 0.0
