0.0 0.005799946980762732 0.17683503797000052 0.22469194107180243 0.1578150126811392 0.22469194107180243 0.22469194293334116 0.6621596312385661
0.005799946980762732 0.0 0.17683503797000052 0.22469194107180243 0.1578150126811392 0.22469194107180243 0.22469194293334116 0.6621596312385661
0.17683503797000052 0.17683503797000052 0.0 0.2246919374085749 0.1768350353386681 0.2246919374085749 0.22469193927011363 0.6621596275753386
0.22469194107180243 0.22469194107180243 0.2246919374085749 0.0 0.22469193844046997 9.829460222291648e-05 0.11044050901525174 0.6621596308732752
0.1578150126811392 0.1578150126811392 0.1768350353386681 0.22469193844046997 0.0 0.22469193844046997 0.2246919403020087 0.6621596286072337
0.22469194107180243 0.22469194107180243 0.2246919374085749 9.829460222291648e-05 0.22469193844046997 0.0 0.11044050901525174 0.6621596308732752
0.22469194293334116 0.22469194293334116 0.22469193927011363 0.11044050901525174 0.2246919403020087 0.11044050901525174 0.0 0.662159632734814
0.6621596312385661 0.6621596312385661 0.6621596275753386 0.6621596308732752 0.6621596286072337 0.6621596308732752 0.662159632734814 0.0
