0.0 0.2127290262071022 0.2127290262071022 0.0995912523502601 0.03814497892439035 0.2127290262071022 0.2127290262071022 0.6534140041711547
0.2127290262071022 0.0 0.07004845954941863 0.2127290262071022 0.2127290262071022 0.11927824790351985 0.1533800258715306 0.6534140050226237
0.2127290262071022 0.07004845954941863 0.0 0.2127290262071022 0.2127290262071022 0.11927824790351985 0.1533800258715306 0.6534140050226237
0.0995912523502601 0.2127290262071022 0.2127290262071022 0.0 0.0995912523502601 0.2127290262071022 0.2127290262071022 0.6534140041711547
0.03814497892439035 0.2127290262071022 0.2127290262071022 0.0995912523502601 0.0 0.2127290262071022 0.2127290262071022 0.6534140041711547
0.2127290262071022 0.11927824790351985 0.11927824790351985 0.2127290262071022 0.2127290262071022 0.0 0.1533800258715306 0.6534140050226237
0.2127290262071022 0.1533800258715306 0.1533800258715306 0.2127290262071022 0.2127290262071022 0.1533800258715306 0.0 0.6534140050226237
0.6534140041711547 0.6534140050226237 0.6534140050226237 0.6534140041711547 0.6534140041711547 0.6534140050226237 0.6534140050226237 0.0
