0.0 0.3423333873108815 0.09017725532434154 0.35259362441011843 0.032524560745175325 0.44952631969265666 0.44952631969265666 0.44952631786263636
0.3423333873108815 0.0 0.3423333858468652 0.35259362294610214 0.3423333873108815 0.44952631822864036 0.44952631822864036 0.44952631639862
0.09017725532434154 0.3423333858468652 0.0 0.3525936229461022 0.09017725532434154 0.44952631822864036 0.44952631822864036 0.44952631639862
0.35259362441011843 0.35259362294610214 0.3525936229461022 0.0 0.35259362441011843 0.44952631713062813 0.44952631713062813 0.4495263153006078
0.032524560745175325 0.3423333873108815 0.09017725532434154 0.35259362441011843 0.0 0.44952631969265666 0.44952631969265666 0.44952631786263636
0.44952631969265666 0.44952631822864036 0.44952631822864036 0.44952631713062813 0.44952631969265666 0.0 0.10878615980850766 0.1745323803357436
0.44952631969265666 0.44952631822864036 0.44952631822864036 0.44952631713062813 0.44952631969265666 0.10878615980850766 0.0 0.1745323803357436
0.44952631786263636 0.44952631639862 0.44952631639862 0.4495263153006078 0.44952631786263636 0.1745323803357436 0.1745323803357436 0.0
