0.0 0.1855717873470962 0.06751055706059414 0.0114891803457964 0.32343462284868296 0.32343462284868296 0.625780759415241 0.625780759415241
0.1855717873470962 0.0 0.1855717873470962 0.1855717873470962 0.3234346261404848 0.3234346261404848 0.6257807627070426 0.6257807627070426
0.06751055706059414 0.1855717873470962 0.0 0.06751055706059414 0.32343462284868296 0.32343462284868296 0.625780759415241 0.625780759415241
0.0114891803457964 0.1855717873470962 0.06751055706059414 0.0 0.32343462284868296 0.32343462284868296 0.625780759415241 0.625780759415241
0.32343462284868296 0.3234346261404848 0.32343462284868296 0.32343462284868296 0.0 0.08122268454675649 0.6257807572207065 0.6257807572207065
0.32343462284868296 0.3234346261404848 0.32343462284868296 0.32343462284868296 0.08122268454675649 0.0 0.6257807572207065 0.6257807572207065
0.625780759415241 0.6257807627070426 0.625780759415241 0.625780759415241 0.6257807572207065 0.6257807572207065 0.0 0.07920964792332451
0.625780759415241 0.6257807627070426 0.625780759415241 0.625780759415241 0.6257807572207065 0.6257807572207065 0.07920964792332451 0.0
