0.0 0.06227219596021072 0.5223903332902871 0.5223903332902871 0.046944388759601795 0.5223903332902871 0.5223903316843101 0.5898671373546212
0.06227219596021072 0.0 0.5223903332902871 0.5223903332902871 0.06227219596021072 0.5223903332902871 0.5223903316843101 0.5898671373546212
0.5223903332902871 0.5223903332902871 0.0 0.010785396400536076 0.5223903332902871 0.01862058033598745 0.1592528282957669 0.5898671412089658
0.5223903332902871 0.5223903332902871 0.010785396400536076 0.0 0.5223903332902871 0.01862058033598745 0.1592528282957669 0.5898671412089658
0.046944388759601795 0.06227219596021072 0.5223903332902871 0.5223903332902871 0.0 0.5223903332902871 0.5223903316843101 0.5898671373546212
0.5223903332902871 0.5223903332902871 0.01862058033598745 0.01862058033598745 0.5223903332902871 0.0 0.1592528282957669 0.5898671412089658
0.5223903316843101 0.5223903316843101 0.1592528282957669 0.1592528282957669 0.5223903316843101 0.1592528282957669 0.0 0.5898671396029888
0.5898671373546212 0.5898671373546212 0.5898671412089658 0.5898671412089658 0.5898671373546212 0.5898671412089658 0.5898671396029888 0.0
