0.0 0.4926864675166966 0.4926864675166966 0.0261727108667634 0.1598879384244291 0.4926864694123096 0.4926864694123096 0.49268646695916335
0.4926864675166966 0.0 0.23323834229624746 0.4926864675166966 0.4926864675166966 0.28721249445709796 0.28721249445709796 0.3011537856268801
0.4926864675166966 0.23323834229624746 0.0 0.4926864675166966 0.4926864675166966 0.28721249445709796 0.28721249445709796 0.3011537856268801
0.0261727108667634 0.4926864675166966 0.4926864675166966 0.0 0.1598879384244291 0.4926864694123096 0.4926864694123096 0.49268646695916335
0.1598879384244291 0.4926864675166966 0.4926864675166966 0.1598879384244291 0.0 0.4926864694123096 0.4926864694123096 0.49268646695916335
0.4926864694123096 0.28721249445709796 0.28721249445709796 0.4926864694123096 0.4926864694123096 0.0 0.006961791957108926 0.3011537875224931
0.4926864694123096 0.28721249445709796 0.28721249445709796 0.4926864694123096 0.4926864694123096 0.006961791957108926 0.0 0.3011537875224931
0.49268646695916335 0.3011537856268801 0.3011537856268801 0.49268646695916335 0.49268646695916335 0.3011537875224931 0.3011537875224931 0.0
