0.0 0.052801858818263325 0.4567894497233495 0.3666736116318129 0.23546522731356892 0.4567894497233495 0.4567894493994855 0.4567894493994855
0.052801858818263325 0.0 0.4567894497233495 0.3666736116318129 0.23546522731356892 0.4567894497233495 0.4567894493994855 0.4567894493994855
0.4567894497233495 0.4567894497233495 0.0 0.45678945332183796 0.4567894497233495 0.0012567367518968322 0.08731356559464024 0.3429100974923584
0.3666736116318129 0.3666736116318129 0.45678945332183796 0.0 0.3666736116318129 0.45678945332183796 0.456789452997974 0.456789452997974
0.23546522731356892 0.23546522731356892 0.4567894497233495 0.3666736116318129 0.0 0.4567894497233495 0.4567894493994855 0.4567894493994855
0.4567894497233495 0.4567894497233495 0.0012567367518968322 0.45678945332183796 0.4567894497233495 0.0 0.08731356559464024 0.3429100974923584
0.4567894493994855 0.4567894493994855 0.08731356559464024 0.456789452997974 0.4567894493994855 0.08731356559464024 0.0 0.34291009716849447
0.4567894493994855 0.4567894493994855 0.3429100974923584 0.456789452997974 0.4567894493994855 0.3429100974923584 0.34291009716849447 0.0
