0.0 0.17850107990270955 0.3334387752144734 0.3153343311183428 0.4303658168653591 0.4303658168653591 0.4303658171040282 0.4303658171040282
0.17850107990270955 0.0 0.3334387752144734 0.3153343311183428 0.4303658168653591 0.4303658168653591 0.4303658171040282 0.4303658171040282
0.3334387752144734 0.3334387752144734 0.0 0.3334387752144734 0.4303658166266899 0.4303658166266899 0.4303658168653591 0.4303658168653591
0.3153343311183428 0.3153343311183428 0.3334387752144734 0.0 0.4303658168653591 0.4303658168653591 0.4303658171040282 0.4303658171040282
0.4303658168653591 0.4303658168653591 0.4303658166266899 0.4303658168653591 0.0 0.04657474224227358 0.05986920061986482 0.20555023693294833
0.4303658168653591 0.4303658168653591 0.4303658166266899 0.4303658168653591 0.04657474224227358 0.0 0.05986920061986482 0.20555023693294833
0.4303658171040282 0.4303658171040282 0.4303658168653591 0.4303658171040282 0.05986920061986482 0.05986920061986482 0.0 0.20555023717161747
0.4303658171040282 0.4303658171040282 0.4303658168653591 0.4303658171040282 0.20555023693294833 0.20555023693294833 0.20555023717161747 0.0
