0.0 0.3354016007335825 0.43876656509002315 0.26115262863284244 0.04018776314340641 0.43876656509002315 0.4387665635762584 0.4387665635762584
0.3354016007335825 0.0 0.4387665666037879 0.33540159921981777 0.3354016007335825 0.4387665666037879 0.43876656509002315 0.43876656509002315
0.43876656509002315 0.4387665666037879 0.0 0.4387665635762584 0.43876656509002315 0.014847589167632524 0.11627485287644523 0.35460243829357413
0.26115262863284244 0.33540159921981777 0.4387665635762584 0.0 0.26115262863284244 0.4387665635762584 0.4387665620624936 0.4387665620624936
0.04018776314340641 0.3354016007335825 0.43876656509002315 0.26115262863284244 0.0 0.43876656509002315 0.4387665635762584 0.4387665635762584
0.43876656509002315 0.4387665666037879 0.014847589167632524 0.4387665635762584 0.43876656509002315 0.0 0.11627485287644523 0.35460243829357413
0.4387665635762584 0.43876656509002315 0.11627485287644523 0.4387665620624936 0.4387665635762584 0.11627485287644523 0.0 0.3546024367798094
0.4387665635762584 0.43876656509002315 0.35460243829357413 0.4387665620624936 0.4387665635762584 0.35460243829357413 0.3546024367798094 0.0
