0.0 0.5121688084057072 0.5121688091005823 0.0736184473163623 0.5121688084057072 0.5121688091005823 0.5121688081972446 0.5121688081972446
0.5121688084057072 0.0 0.18273634413140852 0.5121688084057072 0.14634940021310372 0.18273634413140852 0.1851174108452824 0.349080754095139
0.5121688091005823 0.18273634413140852 0.0 0.5121688091005823 0.18273634413140852 0.03876002630933986 0.18511741154015748 0.34908075479001405
0.0736184473163623 0.5121688084057072 0.5121688091005823 0.0 0.5121688084057072 0.5121688091005823 0.5121688081972446 0.5121688081972446
0.5121688084057072 0.14634940021310372 0.18273634413140852 0.5121688084057072 0.0 0.18273634413140852 0.1851174108452824 0.349080754095139
0.5121688091005823 0.18273634413140852 0.03876002630933986 0.5121688091005823 0.18273634413140852 0.0 0.18511741154015748 0.34908075479001405
0.5121688081972446 0.1851174108452824 0.18511741154015748 0.5121688081972446 0.1851174108452824 0.18511741154015748 0.0 0.3490807538866765
0.5121688081972446 0.349080754095139 0.34908075479001405 0.5121688081972446 0.349080754095139 0.34908075479001405 0.3490807538866765 0.0
