0.0 0.42296771527362764 0.4229677167017163 0.4229677167017163 0.31083857085334415 0.42296771527362764 0.4229677167017163 0.4229677167017163
0.42296771527362764 0.0 0.3129186570702407 0.3129186570702407 0.42296771527362764 0.058368389366988044 0.0586979823396663 0.23271282472100455
0.4229677167017163 0.3129186570702407 0.0 0.18052814081723498 0.4229677167017163 0.3129186570702407 0.3129186584983294 0.3129186584983294
0.4229677167017163 0.3129186570702407 0.18052814081723498 0.0 0.4229677167017163 0.3129186570702407 0.3129186584983294 0.3129186584983294
0.31083857085334415 0.42296771527362764 0.4229677167017163 0.4229677167017163 0.0 0.42296771527362764 0.4229677167017163 0.4229677167017163
0.42296771527362764 0.058368389366988044 0.3129186570702407 0.3129186570702407 0.42296771527362764 0.0 0.0586979823396663 0.23271282472100455
0.4229677167017163 0.0586979823396663 0.3129186584983294 0.3129186584983294 0.4229677167017163 0.0586979823396663 0.0 0.23271282614909322
0.4229677167017163 0.23271282472100455 0.3129186584983294 0.3129186584983294 0.4229677167017163 0.23271282472100455 0.23271282614909322 0.0
