0.0 0.5156521487062045 0.5156521487062045 0.5156521458109449 0.34682182513016546 0.5156521492326152 0.5156521492326152 0.5156521493203503
0.5156521487062045 0.0 0.013881318915981447 0.21944890251635352 0.5156521487062045 0.3460849194589295 0.3460849194589295 0.34608491954666465
0.5156521487062045 0.013881318915981447 0.0 0.21944890251635352 0.5156521487062045 0.3460849194589295 0.3460849194589295 0.34608491954666465
0.5156521458109449 0.21944890251635352 0.21944890251635352 0.0 0.5156521458109449 0.3460849165636699 0.3460849165636699 0.34608491665140506
0.34682182513016546 0.5156521487062045 0.5156521487062045 0.5156521458109449 0.0 0.5156521492326152 0.5156521492326152 0.5156521493203503
0.5156521492326152 0.3460849194589295 0.3460849194589295 0.3460849165636699 0.5156521492326152 0.0 0.008511224145334877 0.03394751470194023
0.5156521492326152 0.3460849194589295 0.3460849194589295 0.3460849165636699 0.5156521492326152 0.008511224145334877 0.0 0.03394751470194023
0.5156521493203503 0.34608491954666465 0.34608491954666465 0.34608491665140506 0.5156521493203503 0.03394751470194023 0.03394751470194023 0.0
