0.0 0.013102897811400269 0.20134162119650106 0.02292303383135019 0.20134162119650106 0.6259985084823019 0.6259985084823019 0.6259985038854758
0.013102897811400269 0.0 0.20134162119650106 0.02292303383135019 0.20134162119650106 0.6259985084823019 0.6259985084823019 0.6259985038854758
0.20134162119650106 0.20134162119650106 0.0 0.20134162119650106 0.17992269416117898 0.6259985084823019 0.6259985084823019 0.6259985038854758
0.02292303383135019 0.02292303383135019 0.20134162119650106 0.0 0.20134162119650106 0.6259985084823019 0.6259985084823019 0.6259985038854758
0.20134162119650106 0.20134162119650106 0.17992269416117898 0.20134162119650106 0.0 0.6259985084823019 0.6259985084823019 0.6259985038854758
0.6259985084823019 0.6259985084823019 0.6259985084823019 0.6259985084823019 0.6259985084823019 0.0 0.03213927078077733 0.2985734698510146
0.6259985084823019 0.6259985084823019 0.6259985084823019 0.6259985084823019 0.6259985084823019 0.03213927078077733 0.0 0.2985734698510146
0.6259985038854758 0.6259985038854758 0.6259985038854758 0.6259985038854758 0.6259985038854758 0.2985734698510146 0.2985734698510146 0.0
