0.0 0.0055625997877864555 0.590160727482193 0.3450958372954367 0.1649137982149192 0.590160727482193 0.59016072408929 0.5901607274337229
0.0055625997877864555 0.0 0.590160727482193 0.3450958372954367 0.1649137982149192 0.590160727482193 0.59016072408929 0.5901607274337229
0.590160727482193 0.590160727482193 0.0 0.5901607306812157 0.5901607306812157 0.020103790316851434 0.14126970156294713 0.1427328149010005
0.3450958372954367 0.3450958372954367 0.5901607306812157 0.0 0.34509584049445946 0.5901607306812157 0.5901607272883128 0.5901607306327457
0.1649137982149192 0.1649137982149192 0.5901607306812157 0.34509584049445946 0.0 0.5901607306812157 0.5901607272883128 0.5901607306327457
0.590160727482193 0.590160727482193 0.020103790316851434 0.5901607306812157 0.5901607306812157 0.0 0.14126970156294713 0.1427328149010005
0.59016072408929 0.59016072408929 0.14126970156294713 0.5901607272883128 0.5901607272883128 0.14126970156294713 0.0 0.1427328115080976
0.5901607274337229 0.5901607274337229 0.1427328149010005 0.5901607306327457 0.5901607306327457 0.1427328149010005 0.1427328115080976 0.0
