0.0 0.27193788146394854 0.468691893170391 0.468691893170391 0.06456427321185865 0.46869189331849925 0.4686918859130872 0.4686918859130872
0.27193788146394854 0.0 0.4686918953920146 0.4686918953920146 0.27193788146394854 0.46869189554012286 0.46869188813471085 0.46869188813471085
0.468691893170391 0.4686918953920146 0.0 0.005445362116410121 0.468691893170391 0.17926098804930554 0.35610266515118144 0.35610266515118144
0.468691893170391 0.4686918953920146 0.005445362116410121 0.0 0.468691893170391 0.17926098804930554 0.35610266515118144 0.35610266515118144
0.06456427321185865 0.27193788146394854 0.468691893170391 0.468691893170391 0.0 0.46869189331849925 0.4686918859130872 0.4686918859130872
0.46869189331849925 0.46869189554012286 0.17926098804930554 0.17926098804930554 0.46869189331849925 0.0 0.3561026652992897 0.3561026652992897
0.4686918859130872 0.46869188813471085 0.35610266515118144 0.35610266515118144 0.4686918859130872 0.3561026652992897 0.0 0.18530504855408556
0.4686918859130872 0.46869188813471085 0.35610266515118144 0.35610266515118144 0.4686918859130872 0.3561026652992897 0.18530504855408556 0.0
