0.0 0.0031673194738565833 0.11734044124006733 0.11734044124006733 0.06335217022012786 0.3546468931176309 0.3831258940920441 0.48936000759966264
0.0031673194738565833 0.0 0.11734044124006733 0.11734044124006733 0.06335217022012786 0.3546468931176309 0.3831258940920441 0.48936000759966264
0.11734044124006733 0.11734044124006733 0.0 0.0996472707413446 0.11734044111993801 0.35464689259707055 0.38312589357148374 0.48936000707910227
0.11734044124006733 0.11734044124006733 0.0996472707413446 0.0 0.11734044111993801 0.35464689259707055 0.38312589357148374 0.48936000707910227
0.06335217022012786 0.06335217022012786 0.11734044111993801 0.11734044111993801 0.0 0.35464689299750163 0.3831258939719149 0.4893600074795333
0.3546468931176309 0.3546468931176309 0.35464689259707055 0.35464689259707055 0.35464689299750163 0.0 0.3831258919697595 0.48936000547737796
0.3831258940920441 0.3831258940920441 0.38312589357148374 0.38312589357148374 0.3831258939719149 0.3831258919697595 0.0 0.4893600062782401
0.48936000759966264 0.48936000759966264 0.48936000707910227 0.48936000707910227 0.4893600074795333 0.48936000547737796 0.4893600062782401 0.0
