0.0 0.04692131583447715 0.12805579189611901 0.12805579189611901 0.12805579332397732 0.2631337524582658 0.2631337524582658 0.6690331217833836
0.04692131583447715 0.0 0.12805579189611901 0.12805579189611901 0.12805579332397732 0.2631337524582658 0.2631337524582658 0.6690331217833836
0.12805579189611901 0.12805579189611901 0.0 0.06100939608212136 0.1137469428583613 0.26313375293421853 0.26313375293421853 0.6690331222593363
0.12805579189611901 0.12805579189611901 0.06100939608212136 0.0 0.1137469428583613 0.26313375293421853 0.26313375293421853 0.6690331222593363
0.12805579332397732 0.12805579332397732 0.1137469428583613 0.1137469428583613 0.0 0.26313375436207687 0.26313375436207687 0.6690331236871947
0.2631337524582658 0.2631337524582658 0.26313375293421853 0.26313375293421853 0.26313375436207687 0.0 0.04906655206840787 0.669033125115053
0.2631337524582658 0.2631337524582658 0.26313375293421853 0.26313375293421853 0.26313375436207687 0.04906655206840787 0.0 0.669033125115053
0.6690331217833836 0.6690331217833836 0.6690331222593363 0.6690331222593363 0.6690331236871947 0.669033125115053 0.669033125115053 0.0
