0.0 0.17190918539100156 0.44170796654307937 0.0027865032215717215 0.44170796654307937 0.4417079667249315 0.4417079694527146 0.5809895632882
0.17190918539100156 0.0 0.44170796654307937 0.17190918539100156 0.44170796654307937 0.4417079667249315 0.4417079694527146 0.5809895632882
0.44170796654307937 0.44170796654307937 0.0 0.44170796654307937 0.023388634603590502 0.026038002892095347 0.17219058059040954 0.5809895603785646
0.0027865032215717215 0.17190918539100156 0.44170796654307937 0.0 0.44170796654307937 0.4417079667249315 0.4417079694527146 0.5809895632882
0.44170796654307937 0.44170796654307937 0.023388634603590502 0.44170796654307937 0.0 0.026038002892095347 0.17219058059040954 0.5809895603785646
0.4417079667249315 0.4417079667249315 0.026038002892095347 0.4417079667249315 0.026038002892095347 0.0 0.17219058077226176 0.5809895605604168
0.4417079694527146 0.4417079694527146 0.17219058059040954 0.4417079694527146 0.17219058059040954 0.17219058077226176 0.0 0.5809895632882
0.5809895632882 0.5809895632882 0.5809895603785646 0.5809895632882 0.5809895603785646 0.5809895605604168 0.5809895632882 0.0
