0.0 0.3063578350726732 0.20204694743664808 0.3063578350726732 0.007183803448235338 0.6658047701194251 0.6658047701194251 0.6658047700370417
0.3063578350726732 0.0 0.30635783523744 0.07643401727863887 0.3063578350726732 0.6658047711080254 0.6658047711080254 0.665804771025642
0.20204694743664808 0.30635783523744 0.0 0.30635783523744 0.20204694743664808 0.6658047702841918 0.6658047702841918 0.6658047702018085
0.3063578350726732 0.07643401727863887 0.30635783523744 0.0 0.3063578350726732 0.6658047711080254 0.6658047711080254 0.665804771025642
0.007183803448235338 0.3063578350726732 0.20204694743664808 0.3063578350726732 0.0 0.6658047701194251 0.6658047701194251 0.6658047700370417
0.6658047701194251 0.6658047711080254 0.6658047702841918 0.6658047711080254 0.6658047701194251 0.0 0.005883542519012779 0.07048431293495794
0.6658047701194251 0.6658047711080254 0.6658047702841918 0.6658047711080254 0.6658047701194251 0.005883542519012779 0.0 0.07048431293495794
0.6658047700370417 0.665804771025642 0.6658047702018085 0.665804771025642 0.6658047700370417 0.07048431293495794 0.07048431293495794 0.0
