0.0 0.08407742716605286 0.4254433958323555 0.04460642031258595 0.08407742716605286 0.7088050097349217 0.7088050097349217 0.708805009671839
0.08407742716605286 0.0 0.4254433956431076 0.08407742716605286 0.007779937159054595 0.7088050095456737 0.7088050095456737 0.7088050094825911
0.4254433958323555 0.4254433956431076 0.0 0.4254433958323555 0.4254433956431076 0.7088050078424423 0.7088050078424423 0.7088050077793596
0.04460642031258595 0.08407742716605286 0.4254433958323555 0.0 0.08407742716605286 0.7088050097349217 0.7088050097349217 0.708805009671839
0.08407742716605286 0.007779937159054595 0.4254433956431076 0.08407742716605286 0.0 0.7088050095456737 0.7088050095456737 0.7088050094825911
0.7088050097349217 0.7088050095456737 0.7088050078424423 0.7088050097349217 0.7088050095456737 0.0 0.001221967789044189 0.019260834415873205
0.7088050097349217 0.7088050095456737 0.7088050078424423 0.7088050097349217 0.7088050095456737 0.001221967789044189 0.0 0.019260834415873205
0.708805009671839 0.7088050094825911 0.7088050077793596 0.708805009671839 0.7088050094825911 0.019260834415873205 0.019260834415873205 0.0
