0.0 0.16619067628928716 0.3103553033803432 0.011171523392796865 0.3103553033803432 0.5649075157025704 0.5649075157025704 0.5649075157025704
0.16619067628928716 0.0 0.31035530307188464 0.16619067628928716 0.31035530307188464 0.5649075153941118 0.5649075153941118 0.5649075153941118
0.3103553033803432 0.31035530307188464 0.0 0.3103553033803432 0.10392148628353921 0.5649075153941118 0.5649075153941118 0.5649075153941118
0.011171523392796865 0.16619067628928716 0.3103553033803432 0.0 0.3103553033803432 0.5649075157025704 0.5649075157025704 0.5649075157025704
0.3103553033803432 0.31035530307188464 0.10392148628353921 0.3103553033803432 0.0 0.5649075153941118 0.5649075153941118 0.5649075153941118
0.5649075157025704 0.5649075153941118 0.5649075153941118 0.5649075157025704 0.5649075153941118 0.0 0.08602978109979473 0.19251619876601525
0.5649075157025704 0.5649075153941118 0.5649075153941118 0.5649075157025704 0.5649075153941118 0.08602978109979473 0.0 0.19251619876601525
0.5649075157025704 0.5649075153941118 0.5649075153941118 0.5649075157025704 0.5649075153941118 0.19251619876601525 0.19251619876601525 0.0
