0.0 0.4594756616415894 0.32769316664340636 0.2673533990241322 0.07373395157542408 0.4594756616415894 0.4594756617679019 0.4594756631713744
0.4594756616415894 0.0 0.4594756602381169 0.4594756630450619 0.4594756616415894 0.00031824555907129283 0.04299274813322032 0.36895716412546936
0.32769316664340636 0.4594756602381169 0.0 0.32769316804687887 0.32769316664340636 0.4594756602381169 0.4594756603644295 0.459475661767902
0.2673533990241322 0.4594756630450619 0.32769316804687887 0.0 0.2673533990241322 0.4594756630450619 0.4594756631713744 0.4594756645748469
0.07373395157542408 0.4594756616415894 0.32769316664340636 0.2673533990241322 0.0 0.4594756616415894 0.4594756617679019 0.4594756631713744
0.4594756616415894 0.00031824555907129283 0.4594756602381169 0.4594756630450619 0.4594756616415894 0.0 0.04299274813322032 0.36895716412546936
0.4594756617679019 0.04299274813322032 0.4594756603644295 0.4594756631713744 0.4594756617679019 0.04299274813322032 0.0 0.3689571642517819
0.4594756631713744 0.36895716412546936 0.459475661767902 0.4594756645748469 0.4594756631713744 0.36895716412546936 0.3689571642517819 0.0
