0.0 0.5533630917074944 0.0952542416159482 0.5533630917074944 0.5533630917074944 0.5533630919352253 0.5533630942125338 0.5533630942125338
0.5533630917074944 0.0 0.5533630917074944 0.022767428167263046 0.022767428167263046 0.16202253221999782 0.25021151288789784 0.3486342649758415
0.0952542416159482 0.5533630917074944 0.0 0.5533630917074944 0.5533630917074944 0.5533630919352253 0.5533630942125338 0.5533630942125338
0.5533630917074944 0.022767428167263046 0.5533630917074944 0.0 0.014383831480253441 0.16202253221999782 0.25021151288789784 0.3486342649758415
0.5533630917074944 0.022767428167263046 0.5533630917074944 0.014383831480253441 0.0 0.16202253221999782 0.25021151288789784 0.3486342649758415
0.5533630919352253 0.16202253221999782 0.5533630919352253 0.16202253221999782 0.16202253221999782 0.0 0.25021151311562867 0.3486342652035723
0.5533630942125338 0.25021151288789784 0.5533630942125338 0.25021151288789784 0.25021151288789784 0.25021151311562867 0.0 0.3486342674808809
0.5533630942125338 0.3486342649758415 0.5533630942125338 0.3486342649758415 0.3486342649758415 0.3486342652035723 0.3486342674808809 0.0
