0.0 0.2024244596503391 0.2024244596503391 0.29374748625563535 0.13616816314177768 0.4843270708984225 0.4843270708984225 0.4843270679018698
0.2024244596503391 0.0 0.0177135931616472 0.2937474859559801 0.2024244596503391 0.4843270705987672 0.4843270705987672 0.4843270676022146
0.2024244596503391 0.0177135931616472 0.0 0.2937474859559801 0.2024244596503391 0.4843270705987672 0.4843270705987672 0.4843270676022146
0.29374748625563535 0.2937474859559801 0.2937474859559801 0.0 0.29374748625563535 0.4843270708984225 0.4843270708984225 0.4843270679018698
0.13616816314177768 0.2024244596503391 0.2024244596503391 0.29374748625563535 0.0 0.4843270708984225 0.4843270708984225 0.4843270679018698
0.4843270708984225 0.4843270705987672 0.4843270705987672 0.4843270708984225 0.4843270708984225 0.0 0.07928684208583128 0.302005317204132
0.4843270708984225 0.4843270705987672 0.4843270705987672 0.4843270708984225 0.4843270708984225 0.07928684208583128 0.0 0.302005317204132
0.4843270679018698 0.4843270676022146 0.4843270676022146 0.4843270679018698 0.4843270679018698 0.302005317204132 0.302005317204132 0.0
