0.0 0.13135842554993044 0.3959814086048583 0.2707970335994971 0.02748267889020217 0.3959814086048583 0.4230644028331032 0.4230644028331032
0.13135842554993044 0.0 0.39598140728253406 0.2707970322771729 0.13135842554993044 0.39598140728253406 0.423064401510779 0.423064401510779
0.3959814086048583 0.39598140728253406 0.0 0.39598140728253406 0.3959814086048583 0.023723446528589712 0.42306440574221654 0.42306440574221654
0.2707970335994971 0.2707970322771729 0.39598140728253406 0.0 0.2707970335994971 0.39598140728253406 0.423064401510779 0.423064401510779
0.02748267889020217 0.13135842554993044 0.3959814086048583 0.2707970335994971 0.0 0.3959814086048583 0.4230644028331032 0.4230644028331032
0.3959814086048583 0.39598140728253406 0.023723446528589712 0.39598140728253406 0.3959814086048583 0.0 0.42306440574221654 0.42306440574221654
0.4230644028331032 0.423064401510779 0.42306440574221654 0.423064401510779 0.4230644028331032 0.42306440574221654 0.0 0.3045282008962509
0.4230644028331032 0.423064401510779 0.42306440574221654 0.423064401510779 0.4230644028331032 0.42306440574221654 0.3045282008962509 0.0
