0.0 0.31146531304740716 0.31146531304740716 0.18699398822396326 0.14591606688583622 0.31146531806154304 0.4727100312496078 0.4727100312496078
0.31146531304740716 0.0 0.14629210200484283 0.3114653111671062 0.31146531304740716 0.2533622619272201 0.4727100281157729 0.4727100281157729
0.31146531304740716 0.14629210200484283 0.0 0.3114653111671062 0.31146531304740716 0.2533622619272201 0.4727100281157729 0.4727100281157729
0.18699398822396326 0.3114653111671062 0.3114653111671062 0.0 0.18699398822396326 0.31146531618124207 0.47271002936930684 0.47271002936930684
0.14591606688583622 0.31146531304740716 0.31146531304740716 0.18699398822396326 0.0 0.31146531806154304 0.4727100312496078 0.4727100312496078
0.31146531806154304 0.2533622619272201 0.2533622619272201 0.31146531618124207 0.31146531806154304 0.0 0.4727100331299088 0.4727100331299088
0.4727100312496078 0.4727100281157729 0.4727100281157729 0.47271002936930684 0.4727100312496078 0.4727100331299088 0.0 0.010550205411515334
0.4727100312496078 0.4727100281157729 0.4727100281157729 0.47271002936930684 0.4727100312496078 0.4727100331299088 0.010550205411515334 0.0
