0.0 0.19298012945593962 0.19298012945593962 0.18403978528246803 0.24415454148009053 0.3222794595885549 0.33890287193218566 0.33890287193218566
0.19298012945593962 0.0 0.06564178078720383 0.19298012945593962 0.24415454095273265 0.32227945906119704 0.33890287140482783 0.33890287140482783
0.19298012945593962 0.06564178078720383 0.0 0.19298012945593962 0.24415454095273265 0.32227945906119704 0.33890287140482783 0.33890287140482783
0.18403978528246803 0.19298012945593962 0.19298012945593962 0.0 0.24415454148009053 0.3222794595885549 0.33890287193218566 0.33890287193218566
0.24415454148009053 0.24415454095273265 0.24415454095273265 0.24415454148009053 0.0 0.3222794608190566 0.33890287316268736 0.33890287316268736
0.3222794595885549 0.32227945906119704 0.32227945906119704 0.3222794595885549 0.3222794608190566 0.0 0.33890287316268736 0.33890287316268736
0.33890287193218566 0.33890287140482783 0.33890287140482783 0.33890287193218566 0.33890287316268736 0.33890287316268736 0.0 0.31309855760772637
0.33890287193218566 0.33890287140482783 0.33890287140482783 0.33890287193218566 0.33890287316268736 0.33890287316268736 0.31309855760772637 0.0
