0.0 0.18267332288825563 0.41247524679066105 0.41247524679066105 0.41247524679066105 0.41247524679066105 0.5477630515326224 0.5477630515326224
0.18267332288825563 0.0 0.41247524679066105 0.41247524679066105 0.41247524679066105 0.41247524679066105 0.5477630515326224 0.5477630515326224
0.41247524679066105 0.41247524679066105 0.0 0.0662337916804231 0.0662337916804231 0.18499492171935913 0.5477630515326224 0.5477630515326224
0.41247524679066105 0.41247524679066105 0.0662337916804231 0.0 0.023155449656159045 0.18499492171935913 0.5477630515326224 0.5477630515326224
0.41247524679066105 0.41247524679066105 0.0662337916804231 0.023155449656159045 0.0 0.18499492171935913 0.5477630515326224 0.5477630515326224
0.41247524679066105 0.41247524679066105 0.18499492171935913 0.18499492171935913 0.18499492171935913 0.0 0.5477630515326224 0.5477630515326224
0.5477630515326224 0.5477630515326224 0.5477630515326224 0.5477630515326224 0.5477630515326224 0.5477630515326224 0.0 0.03494116419989689
0.5477630515326224 0.5477630515326224 0.5477630515326224 0.5477630515326224 0.5477630515326224 0.5477630515326224 0.03494116419989689 0.0
