0.0 0.11758354848767828 0.29219945872905106 0.29219945872905106 0.016279967507587152 0.2921994590156355 0.2921994604485578 0.6348073560448928
0.11758354848767828 0.0 0.29219945872905106 0.29219945872905106 0.11758354848767828 0.2921994590156355 0.2921994604485578 0.6348073560448928
0.29219945872905106 0.29219945872905106 0.0 0.0042588522529932 0.29219945872905106 0.08759283855707409 0.21247062065632422 0.6348073557583084
0.29219945872905106 0.29219945872905106 0.0042588522529932 0.0 0.29219945872905106 0.08759283855707409 0.21247062065632422 0.6348073557583084
0.016279967507587152 0.11758354848767828 0.29219945872905106 0.29219945872905106 0.0 0.2921994590156355 0.2921994604485578 0.6348073560448928
0.2921994590156355 0.2921994590156355 0.08759283855707409 0.08759283855707409 0.2921994590156355 0.0 0.21247062094290867 0.6348073560448928
0.2921994604485578 0.2921994604485578 0.21247062065632422 0.21247062065632422 0.2921994604485578 0.21247062094290867 0.0 0.634807357477815
0.6348073560448928 0.6348073560448928 0.6348073557583084 0.6348073557583084 0.6348073560448928 0.6348073560448928 0.634807357477815 0.0
