0.0 0.19114566956758433 0.37655627562306426 0.36661268755459553 0.3046993534734149 0.37655627562306426 0.37655627380147744 0.37655627380147744
0.19114566956758433 0.0 0.37655627562306426 0.36661268755459553 0.3046993534734149 0.37655627562306426 0.37655627380147744 0.37655627380147744
0.37655627562306426 0.37655627562306426 0.0 0.37655627562306426 0.37655627562306426 0.0025843188702127863 0.29778929243238295 0.29778929243238295
0.36661268755459553 0.36661268755459553 0.37655627562306426 0.0 0.36661268755459553 0.37655627562306426 0.37655627380147744 0.37655627380147744
0.3046993534734149 0.3046993534734149 0.37655627562306426 0.36661268755459553 0.0 0.37655627562306426 0.37655627380147744 0.37655627380147744
0.37655627562306426 0.37655627562306426 0.0025843188702127863 0.37655627562306426 0.37655627562306426 0.0 0.29778929243238295 0.29778929243238295
0.37655627380147744 0.37655627380147744 0.29778929243238295 0.37655627380147744 0.37655627380147744 0.29778929243238295 0.0 0.08405612867726782
0.37655627380147744 0.37655627380147744 0.29778929243238295 0.37655627380147744 0.37655627380147744 0.29778929243238295 0.08405612867726782 0.0
