0.0 0.5041589344026283 0.13823710312253865 0.5041589345903128 0.5041589344026283 0.5041589289597775 0.5041589289597775 0.5041589294289888
0.5041589344026283 0.0 0.5041589344026283 0.07686948626729775 0.004487136524751097 0.41457036280396536 0.41457036280396536 0.41457036327317665
0.13823710312253865 0.5041589344026283 0.0 0.5041589345903128 0.5041589344026283 0.5041589289597775 0.5041589289597775 0.5041589294289888
0.5041589345903128 0.07686948626729775 0.5041589345903128 0.0 0.07686948626729775 0.41457036299164984 0.41457036299164984 0.4145703634608612
0.5041589344026283 0.004487136524751097 0.5041589344026283 0.07686948626729775 0.0 0.41457036280396536 0.41457036280396536 0.41457036327317665
0.5041589289597775 0.41457036280396536 0.5041589289597775 0.41457036299164984 0.41457036280396536 0.0 0.06863745422260281 0.28888059303954344
0.5041589289597775 0.41457036280396536 0.5041589289597775 0.41457036299164984 0.41457036280396536 0.06863745422260281 0.0 0.28888059303954344
0.5041589294289888 0.41457036327317665 0.5041589294289888 0.4145703634608612 0.41457036327317665 0.28888059303954344 0.28888059303954344 0.0
