0.0 0.14321655291508473 0.37796481838716733 0.37796481838716733 0.2409425453101808 0.3779648180600162 0.3779648180600162 0.3779648189324191
0.14321655291508473 0.0 0.37796481838716733 0.37796481838716733 0.2409425453101808 0.3779648180600162 0.3779648180600162 0.3779648189324191
0.37796481838716733 0.37796481838716733 0.0 0.008543551480547352 0.3779648194776711 0.3494554753151011 0.3494554753151011 0.34945547618750417
0.37796481838716733 0.37796481838716733 0.008543551480547352 0.0 0.3779648194776711 0.3494554753151011 0.3494554753151011 0.34945547618750417
0.2409425453101808 0.2409425453101808 0.3779648194776711 0.3779648194776711 0.0 0.3779648191505199 0.3779648191505199 0.3779648200229229
0.3779648180600162 0.3779648180600162 0.3494554753151011 0.3494554753151011 0.3779648191505199 0.0 0.24908160823732808 0.2528306283316676
0.3779648180600162 0.3779648180600162 0.3494554753151011 0.3494554753151011 0.3779648191505199 0.24908160823732808 0.0 0.2528306283316676
0.3779648189324191 0.3779648189324191 0.34945547618750417 0.34945547618750417 0.3779648200229229 0.2528306283316676 0.2528306283316676 0.0
