0.0 0.3913915230738183 0.3913915230738183 0.3913915230738183 0.3365220819783987 0.39139152368167696 0.391391523681677 0.391391523681677
0.3913915230738183 0.0 0.03333572131957824 0.03333572131957824 0.3913915230738183 0.24141124767189195 0.333272124533013 0.333272124533013
0.3913915230738183 0.03333572131957824 0.0 0.026164015223639345 0.3913915230738183 0.24141124767189195 0.333272124533013 0.333272124533013
0.3913915230738183 0.03333572131957824 0.026164015223639345 0.0 0.3913915230738183 0.24141124767189195 0.333272124533013 0.333272124533013
0.3365220819783987 0.3913915230738183 0.3913915230738183 0.3913915230738183 0.0 0.39139152368167696 0.391391523681677 0.391391523681677
0.39139152368167696 0.24141124767189195 0.24141124767189195 0.24141124767189195 0.39139152368167696 0.0 0.3332721251408717 0.3332721251408717
0.391391523681677 0.333272124533013 0.333272124533013 0.333272124533013 0.391391523681677 0.3332721251408717 0.0 0.24651176191012467
0.391391523681677 0.333272124533013 0.333272124533013 0.333272124533013 0.391391523681677 0.3332721251408717 0.24651176191012467 0.0
