0.0 0.03502247517605799 0.08258759351889139 0.2505185260862505 0.2505185260862505 0.41768978600998535 0.48714669916097514 0.48714669916097514
0.03502247517605799 0.0 0.08258759351889139 0.2505185260862505 0.2505185260862505 0.41768978600998535 0.48714669916097514 0.48714669916097514
0.08258759351889139 0.08258759351889139 0.0 0.25051852788238943 0.25051852788238943 0.41768978780612426 0.48714670095711404 0.48714670095711404
0.2505185260862505 0.2505185260862505 0.25051852788238943 0.0 0.07087853985976215 0.41768978565075765 0.4871466988017473 0.4871466988017473
0.2505185260862505 0.2505185260862505 0.25051852788238943 0.07087853985976215 0.0 0.41768978565075765 0.4871466988017473 0.4871466988017473
0.41768978600998535 0.41768978600998535 0.41768978780612426 0.41768978565075765 0.41768978565075765 0.0 0.4871466973648362 0.4871466973648362
0.48714669916097514 0.48714669916097514 0.48714670095711404 0.4871466988017473 0.4871466988017473 0.4871466973648362 0.0 0.16900968138633046
0.48714669916097514 0.48714669916097514 0.48714670095711404 0.4871466988017473 0.4871466988017473 0.4871466973648362 0.16900968138633046 0.0
