0.0 0.5346758223994609 0.5346758195536905 0.5346758195536905 0.3978333205424281 0.5346758212782273 0.5346758212782273 0.5346758201228446
0.5346758223994609 0.0 0.13179071012753615 0.13179071012753615 0.5346758223994609 0.18823392726123722 0.18823392726123722 0.18823392610585443
0.5346758195536905 0.13179071012753615 0.0 0.08851429562280493 0.5346758195536905 0.18823392441546682 0.18823392441546682 0.18823392326008398
0.5346758195536905 0.13179071012753615 0.08851429562280493 0.0 0.5346758195536905 0.18823392441546682 0.18823392441546682 0.18823392326008398
0.3978333205424281 0.5346758223994609 0.5346758195536905 0.5346758195536905 0.0 0.5346758212782273 0.5346758212782273 0.5346758201228446
0.5346758212782273 0.18823392726123722 0.18823392441546682 0.18823392441546682 0.5346758212782273 0.0 0.00040060710435405153 0.12387549966510429
0.5346758212782273 0.18823392726123722 0.18823392441546682 0.18823392441546682 0.5346758212782273 0.00040060710435405153 0.0 0.12387549966510429
0.5346758201228446 0.18823392610585443 0.18823392326008398 0.18823392326008398 0.5346758201228446 0.12387549966510429 0.12387549966510429 0.0
