0.0 0.17906433482862258 0.3117243846598123 0.3117243846598123 0.003345862255453376 0.3577465861712876 0.4495582519042999 0.4495582519042999
0.17906433482862258 0.0 0.3117243821101049 0.3117243821101049 0.17906433482862258 0.3577465836215802 0.44955824935459254 0.44955824935459254
0.3117243846598123 0.3117243821101049 0.0 0.04494598240932108 0.3117243846598123 0.35774658799250714 0.44955825372551944 0.44955825372551944
0.3117243846598123 0.3117243821101049 0.04494598240932108 0.0 0.3117243846598123 0.35774658799250714 0.44955825372551944 0.44955825372551944
0.003345862255453376 0.17906433482862258 0.3117243846598123 0.3117243846598123 0.0 0.3577465861712876 0.4495582519042999 0.4495582519042999
0.3577465861712876 0.3577465836215802 0.35774658799250714 0.35774658799250714 0.3577465861712876 0.0 0.4495582529970317 0.4495582529970317
0.4495582519042999 0.44955824935459254 0.44955825372551944 0.44955825372551944 0.4495582519042999 0.4495582529970317 0.0 0.2040563455026593
0.4495582519042999 0.44955824935459254 0.44955825372551944 0.44955825372551944 0.4495582519042999 0.4495582529970317 0.2040563455026593 0.0
