0.0 0.48620499296364633 0.10067177701889407 0.48620499296364633 0.012093011739158941 0.48620499296364633 0.6491067724663072 0.6491067724663072
0.48620499296364633 0.0 0.4862049942510812 0.021454739559638426 0.48620499296364633 0.039213000887043145 0.6491067720371622 0.6491067720371622
0.10067177701889407 0.4862049942510812 0.0 0.4862049942510812 0.10067177701889407 0.4862049942510812 0.6491067737537422 0.6491067737537422
0.48620499296364633 0.021454739559638426 0.4862049942510812 0.0 0.48620499296364633 0.039213000887043145 0.6491067720371622 0.6491067720371622
0.012093011739158941 0.48620499296364633 0.10067177701889407 0.48620499296364633 0.0 0.48620499296364633 0.6491067724663072 0.6491067724663072
0.48620499296364633 0.039213000887043145 0.4862049942510812 0.039213000887043145 0.48620499296364633 0.0 0.6491067720371622 0.6491067720371622
0.6491067724663072 0.6491067720371622 0.6491067737537422 0.6491067720371622 0.6491067724663072 0.6491067720371622 0.0 0.04214893204071477
0.6491067724663072 0.6491067720371622 0.6491067737537422 0.6491067720371622 0.6491067724663072 0.6491067720371622 0.04214893204071477 0.0
