0.0 0.016349770139711426 0.2333569806369084 0.01313474561253961 0.28947314389849094 0.4766038403298329 0.4787134784800637 0.4787134784800637
0.016349770139711426 0.0 0.2333569806369084 0.016349770139711426 0.28947314389849094 0.4766038403298329 0.4787134784800637 0.4787134784800637
0.2333569806369084 0.2333569806369084 0.0 0.2333569806369084 0.2894731394791198 0.4766038359104618 0.4787134740606924 0.4787134740606924
0.01313474561253961 0.016349770139711426 0.2333569806369084 0.0 0.28947314389849094 0.4766038403298329 0.4787134784800637 0.4787134784800637
0.28947314389849094 0.28947314389849094 0.2894731394791198 0.28947314389849094 0.0 0.47660383771428666 0.47871347586451746 0.47871347586451746
0.4766038403298329 0.4766038403298329 0.4766038359104618 0.4766038403298329 0.47660383771428666 0.0 0.47871347586451746 0.47871347586451746
0.4787134784800637 0.4787134784800637 0.4787134740606924 0.4787134784800637 0.47871347586451746 0.47871347586451746 0.0 0.01365457207285261
0.4787134784800637 0.4787134784800637 0.4787134740606924 0.4787134784800637 0.47871347586451746 0.47871347586451746 0.01365457207285261 0.0
