0.0 0.12610270603802987 0.6677219796944779 0.0016440821593177422 0.6677219796944779 0.6677219796944779 0.6677219777911029 0.6677219784255611
0.12610270603802987 0.0 0.6677219796944779 0.12610270603802987 0.6677219796944779 0.6677219796944779 0.6677219777911029 0.6677219784255611
0.6677219796944779 0.6677219796944779 0.0 0.6677219796944779 0.01998756323257305 0.10513085675916897 0.17918640316805526 0.23250443242619112
0.0016440821593177422 0.12610270603802987 0.6677219796944779 0.0 0.6677219796944779 0.6677219796944779 0.6677219777911029 0.6677219784255611
0.6677219796944779 0.6677219796944779 0.01998756323257305 0.6677219796944779 0.0 0.10513085675916897 0.17918640316805526 0.23250443242619112
0.6677219796944779 0.6677219796944779 0.10513085675916897 0.6677219796944779 0.10513085675916897 0.0 0.17918640316805526 0.23250443242619112
0.6677219777911029 0.6677219777911029 0.17918640316805526 0.6677219777911029 0.17918640316805526 0.17918640316805526 0.0 0.23250443052281602
0.6677219784255611 0.6677219784255611 0.23250443242619112 0.6677219784255611 0.23250443242619112 0.23250443242619112 0.23250443052281602 0.0
