0.0 0.001296484099863065 0.08947285119374815 0.5728666106564141 0.5728666106564141 0.572866608321352 0.572866608321352 0.5728666106564141
0.001296484099863065 0.0 0.08947285119374815 0.5728666106564141 0.5728666106564141 0.572866608321352 0.572866608321352 0.5728666106564141
0.08947285119374815 0.08947285119374815 0.0 0.5728666104229079 0.5728666104229079 0.5728666080878458 0.5728666080878458 0.5728666104229079
0.5728666106564141 0.5728666106564141 0.5728666104229079 0.0 0.1359898779704292 0.42075268332783144 0.42075268332783144 0.4207526856628934
0.5728666106564141 0.5728666106564141 0.5728666104229079 0.1359898779704292 0.0 0.42075268332783144 0.42075268332783144 0.4207526856628934
0.572866608321352 0.572866608321352 0.5728666080878458 0.42075268332783144 0.42075268332783144 0.0 0.016441306993751598 0.19031357533505508
0.572866608321352 0.572866608321352 0.5728666080878458 0.42075268332783144 0.42075268332783144 0.016441306993751598 0.0 0.19031357533505508
0.5728666106564141 0.5728666106564141 0.5728666104229079 0.4207526856628934 0.4207526856628934 0.19031357533505508 0.19031357533505508 0.0
