0.0 0.081801776200778 0.07345540739606478 0.27678139113780564 0.27678139113780564 0.4305609802285728 0.4810490170286519 0.4810490170286519
0.081801776200778 0.0 0.081801776200778 0.27678139138457813 0.27678139138457813 0.43056098047534525 0.4810490172754243 0.4810490172754243
0.07345540739606478 0.081801776200778 0.0 0.27678139113780564 0.27678139113780564 0.4305609802285728 0.4810490170286519 0.4810490170286519
0.27678139113780564 0.27678139138457813 0.27678139113780564 0.0 0.04960602006879464 0.43056098047534525 0.4810490172754243 0.4810490172754243
0.27678139113780564 0.27678139138457813 0.27678139113780564 0.04960602006879464 0.0 0.43056098047534525 0.4810490172754243 0.4810490172754243
0.4305609802285728 0.43056098047534525 0.4305609802285728 0.43056098047534525 0.43056098047534525 0.0 0.4810490172754243 0.4810490172754243
0.4810490170286519 0.4810490172754243 0.4810490170286519 0.4810490172754243 0.4810490172754243 0.4810490172754243 0.0 0.12569639017036247
0.4810490170286519 0.4810490172754243 0.4810490170286519 0.4810490172754243 0.4810490172754243 0.4810490172754243 0.12569639017036247 0.0
