0.0 0.4339552720545409 0.4339552723577052 0.4339552720545409 0.05555448649705843 0.4339552723577052 0.4339552720545409 0.4339552720545409
0.4339552720545409 0.0 0.40856489648181266 0.26538399486086006 0.4339552720545409 0.40856489648181266 0.4085648961786483 0.4085648961786483
0.4339552723577052 0.40856489648181266 0.0 0.40856489648181266 0.4339552723577052 0.021261139704489822 0.28252246311443957 0.28252246311443957
0.4339552720545409 0.26538399486086006 0.40856489648181266 0.0 0.4339552720545409 0.40856489648181266 0.4085648961786483 0.4085648961786483
0.05555448649705843 0.4339552720545409 0.4339552723577052 0.4339552720545409 0.0 0.4339552723577052 0.4339552720545409 0.4339552720545409
0.4339552723577052 0.40856489648181266 0.021261139704489822 0.40856489648181266 0.4339552723577052 0.0 0.28252246311443957 0.28252246311443957
0.4339552720545409 0.4085648961786483 0.28252246311443957 0.4085648961786483 0.4339552720545409 0.28252246311443957 0.0 0.09880247523225757
0.4339552720545409 0.4085648961786483 0.28252246311443957 0.4085648961786483 0.4339552720545409 0.28252246311443957 0.09880247523225757 0.0
