0.0 0.14215776279045686 0.14215776279045686 0.14215776279045686 0.014472746368817152 0.14215776279045686 0.19272144411181816 0.7544639345594465
0.14215776279045686 0.0 0.036765604125272085 0.09033265680235925 0.14215776279045686 0.09033265680235925 0.19272144549674353 0.754463935944372
0.14215776279045686 0.036765604125272085 0.0 0.09033265680235925 0.14215776279045686 0.09033265680235925 0.19272144549674353 0.754463935944372
0.14215776279045686 0.09033265680235925 0.09033265680235925 0.0 0.14215776279045686 0.014621915759100015 0.19272144549674353 0.754463935944372
0.014472746368817152 0.14215776279045686 0.14215776279045686 0.14215776279045686 0.0 0.14215776279045686 0.19272144411181816 0.7544639345594465
0.14215776279045686 0.09033265680235925 0.09033265680235925 0.014621915759100015 0.14215776279045686 0.0 0.19272144549674353 0.754463935944372
0.19272144411181816 0.19272144549674353 0.19272144549674353 0.19272144549674353 0.19272144411181816 0.19272144549674353 0.0 0.7544639340978047
0.7544639345594465 0.754463935944372 0.754463935944372 0.754463935944372 0.7544639345594465 0.754463935944372 0.7544639340978047 0.0
