0.0 0.04002201557176922 0.5055865943492442 0.11575354518878779 0.5055865943492442 0.5055865957681059 0.5055865957681059 0.5221331266673367
0.04002201557176922 0.0 0.5055865943492442 0.11575354518878779 0.5055865943492442 0.5055865957681059 0.5055865957681059 0.5221331266673367
0.5055865943492442 0.5055865943492442 0.0 0.5055865943492442 0.03234538165374146 0.26077156408090524 0.26077156408090524 0.5221331344372931
0.11575354518878779 0.11575354518878779 0.5055865943492442 0.0 0.5055865943492442 0.5055865957681059 0.5055865957681059 0.5221331266673367
0.5055865943492442 0.5055865943492442 0.03234538165374146 0.5055865943492442 0.0 0.26077156408090524 0.26077156408090524 0.5221331344372931
0.5055865957681059 0.5055865957681059 0.26077156408090524 0.5055865957681059 0.26077156408090524 0.0 0.0012546366320606624 0.5221331358561548
0.5055865957681059 0.5055865957681059 0.26077156408090524 0.5055865957681059 0.26077156408090524 0.0012546366320606624 0.0 0.5221331358561548
0.5221331266673367 0.5221331266673367 0.5221331344372931 0.5221331266673367 0.5221331344372931 0.5221331358561548 0.5221331358561548 0.0
