0.0 0.2135886287312057 0.4745907943228897 0.0634231924386363 0.018688302880479145 0.4745907943228897 0.49304671672200595 0.49304671672200595
0.2135886287312057 0.0 0.47459079341569643 0.2135886287312057 0.2135886287312057 0.47459079341569643 0.4930467158148128 0.4930467158148128
0.4745907943228897 0.47459079341569643 0.0 0.4745907943228897 0.4745907943228897 0.007041520515426233 0.49304671830959407 0.49304671830959407
0.0634231924386363 0.2135886287312057 0.4745907943228897 0.0 0.0634231924386363 0.4745907943228897 0.49304671672200595 0.49304671672200595
0.018688302880479145 0.2135886287312057 0.4745907943228897 0.0634231924386363 0.0 0.4745907943228897 0.49304671672200595 0.49304671672200595
0.4745907943228897 0.47459079341569643 0.007041520515426233 0.4745907943228897 0.4745907943228897 0.0 0.49304671830959407 0.49304671830959407
0.49304671672200595 0.4930467158148128 0.49304671830959407 0.49304671672200595 0.49304671672200595 0.49304671830959407 0.0 0.2365741269869563
0.49304671672200595 0.4930467158148128 0.49304671830959407 0.49304671672200595 0.49304671672200595 0.49304671830959407 0.2365741269869563 0.0
