0.0 0.44473014936031857 0.44473014936031857 0.07668455178359039 0.029390813566769838 0.44473014901027047 0.5623977584595085 0.5623977584595085
0.44473014936031857 0.0 0.005262697820336315 0.44473014936031857 0.44473014936031857 0.05746068585426789 0.5623977564759024 0.5623977564759024
0.44473014936031857 0.005262697820336315 0.0 0.44473014936031857 0.44473014936031857 0.05746068585426789 0.5623977564759024 0.5623977564759024
0.07668455178359039 0.44473014936031857 0.44473014936031857 0.0 0.07668455178359039 0.44473014901027047 0.5623977584595085 0.5623977584595085
0.029390813566769838 0.44473014936031857 0.44473014936031857 0.07668455178359039 0.0 0.44473014901027047 0.5623977584595085 0.5623977584595085
0.44473014901027047 0.05746068585426789 0.05746068585426789 0.44473014901027047 0.44473014901027047 0.0 0.5623977561258543 0.5623977561258543
0.5623977584595085 0.5623977564759024 0.5623977564759024 0.5623977584595085 0.5623977584595085 0.5623977561258543 0.0 0.2616755870293544
0.5623977584595085 0.5623977564759024 0.5623977564759024 0.5623977584595085 0.5623977584595085 0.5623977561258543 0.2616755870293544 0.0
