0.0 0.060920622139238004 0.43471985451143524 0.43471985451143524 0.4347198614936597 0.4347198614936597 0.4347198545114352 0.4347198545114352
0.060920622139238004 0.0 0.43471985451143524 0.43471985451143524 0.4347198614936597 0.4347198614936597 0.4347198545114352 0.4347198545114352
0.43471985451143524 0.43471985451143524 0.0 0.23651781765161342 0.3101444156635924 0.3101444156635924 0.36153558424851373 0.36153558424851373
0.43471985451143524 0.43471985451143524 0.23651781765161342 0.0 0.3101444156635924 0.3101444156635924 0.36153558424851373 0.36153558424851373
0.4347198614936597 0.4347198614936597 0.3101444156635924 0.3101444156635924 0.0 0.00024888039352005285 0.36153559123073814 0.36153559123073814
0.4347198614936597 0.4347198614936597 0.3101444156635924 0.3101444156635924 0.00024888039352005285 0.0 0.36153559123073814 0.36153559123073814
0.4347198545114352 0.4347198545114352 0.36153558424851373 0.36153558424851373 0.36153559123073814 0.36153559123073814 0.0 0.16119296389842763
0.4347198545114352 0.4347198545114352 0.36153558424851373 0.36153558424851373 0.36153559123073814 0.36153559123073814 0.16119296389842763 0.0
