0.0 0.14401818020768534 0.14401818020768534 0.09588853423396768 0.10793218607395333 0.6554586712734989 0.6554586712734989 0.6554586686310386
0.14401818020768534 0.0 0.0074911455381948605 0.14401818020768534 0.14401818285014562 0.6554586732364693 0.6554586732364693 0.6554586705940091
0.14401818020768534 0.0074911455381948605 0.0 0.14401818020768534 0.14401818285014562 0.6554586732364693 0.6554586732364693 0.6554586705940091
0.09588853423396768 0.14401818020768534 0.14401818020768534 0.0 0.10793218607395333 0.6554586712734989 0.6554586712734989 0.6554586686310386
0.10793218607395333 0.14401818285014562 0.14401818285014562 0.10793218607395333 0.0 0.6554586739159592 0.6554586739159592 0.6554586712734989
0.6554586712734989 0.6554586732364693 0.6554586732364693 0.6554586712734989 0.6554586739159592 0.0 0.013515570544373122 0.3202370388918574
0.6554586712734989 0.6554586732364693 0.6554586732364693 0.6554586712734989 0.6554586739159592 0.013515570544373122 0.0 0.3202370388918574
0.6554586686310386 0.6554586705940091 0.6554586705940091 0.6554586686310386 0.6554586712734989 0.3202370388918574 0.3202370388918574 0.0
