0.0 0.1751988917379648 0.41136256889675654 0.4012923377667793 0.4012923377667793 0.41136256889675654 0.41136257167455376 0.41136257167455376
0.1751988917379648 0.0 0.41136256889675654 0.4012923377667793 0.4012923377667793 0.41136256889675654 0.41136257167455376 0.41136257167455376
0.41136256889675654 0.41136256889675654 0.0 0.41136256889675654 0.41136256889675654 0.04473036039431766 0.34962019351485313 0.34962019351485313
0.4012923377667793 0.4012923377667793 0.41136256889675654 0.0 0.13459256018075513 0.41136256889675654 0.41136257167455376 0.41136257167455376
0.4012923377667793 0.4012923377667793 0.41136256889675654 0.13459256018075513 0.0 0.41136256889675654 0.41136257167455376 0.41136257167455376
0.41136256889675654 0.41136256889675654 0.04473036039431766 0.41136256889675654 0.41136256889675654 0.0 0.34962019351485313 0.34962019351485313
0.41136257167455376 0.41136257167455376 0.34962019351485313 0.41136257167455376 0.41136257167455376 0.34962019351485313 0.0 0.07184051583401965
0.41136257167455376 0.41136257167455376 0.34962019351485313 0.41136257167455376 0.41136257167455376 0.34962019351485313 0.07184051583401965 0.0
