0.0 0.07535216615361438 0.03788496302088353 0.44915892949744624 0.10438509858721687 0.44915892949744624 0.4491589282714084 0.5475217409300516
0.07535216615361438 0.0 0.07535216615361438 0.4491589297476581 0.10438509883742866 0.4491589297476581 0.44915892852162026 0.5475217411802634
0.03788496302088353 0.07535216615361438 0.0 0.44915892949744624 0.10438509858721687 0.44915892949744624 0.4491589282714084 0.5475217409300516
0.44915892949744624 0.4491589297476581 0.44915892949744624 0.0 0.4491589289970226 0.000592358888048119 0.23758300274332286 0.5475217416556659
0.10438509858721687 0.10438509883742866 0.10438509858721687 0.4491589289970226 0.0 0.4491589289970226 0.44915892777098476 0.547521740429628
0.44915892949744624 0.4491589297476581 0.44915892949744624 0.000592358888048119 0.4491589289970226 0.0 0.23758300274332286 0.5475217416556659
0.4491589282714084 0.44915892852162026 0.4491589282714084 0.23758300274332286 0.44915892777098476 0.23758300274332286 0.0 0.547521740429628
0.5475217409300516 0.5475217411802634 0.5475217409300516 0.5475217416556659 0.547521740429628 0.5475217416556659 0.547521740429628 0.0
