0.0 0.3936083867048968 0.3936083867048968 0.10942000677627296 0.06654566855061221 0.3936083840016324 0.39360838535326464 0.4742369525894591
0.3936083867048968 0.0 0.04179809634226291 0.3936083860290807 0.3936083867048968 0.18658309849061475 0.25357084133550295 0.4742369539410913
0.3936083867048968 0.04179809634226291 0.0 0.3936083860290807 0.3936083867048968 0.18658309849061475 0.25357084133550295 0.4742369539410913
0.10942000677627296 0.3936083860290807 0.3936083860290807 0.0 0.10942000677627296 0.39360838332581627 0.39360838467744846 0.47423695191364296
0.06654566855061221 0.3936083867048968 0.3936083867048968 0.10942000677627296 0.0 0.3936083840016324 0.39360838535326464 0.4742369525894591
0.3936083840016324 0.18658309849061475 0.18658309849061475 0.39360838332581627 0.3936083840016324 0.0 0.2535708386322385 0.47423695123782683
0.39360838535326464 0.25357084133550295 0.25357084133550295 0.39360838467744846 0.39360838535326464 0.2535708386322385 0.0 0.4742369525894591
0.4742369525894591 0.4742369539410913 0.4742369539410913 0.47423695191364296 0.4742369525894591 0.47423695123782683 0.4742369525894591 0.0
