0.0 0.11519228097359505 0.15501898609609055 0.24012283662570078 0.014644285755995842 0.24012283662570078 0.2401228364215744 0.7121677951785848
0.11519228097359505 0.0 0.15501898748786155 0.24012283801747178 0.11519228097359505 0.24012283801747178 0.2401228378133454 0.7121677965703557
0.15501898609609055 0.15501898748786155 0.0 0.24012283801747178 0.15501898609609055 0.24012283801747178 0.2401228378133454 0.7121677965703557
0.24012283662570078 0.24012283801747178 0.24012283801747178 0.0 0.24012283662570078 0.00014550913696258496 0.050540507343096154 0.7121677963105584
0.014644285755995842 0.11519228097359505 0.15501898609609055 0.24012283662570078 0.0 0.24012283662570078 0.2401228364215744 0.7121677951785848
0.24012283662570078 0.24012283801747178 0.24012283801747178 0.00014550913696258496 0.24012283662570078 0.0 0.050540507343096154 0.7121677963105584
0.2401228364215744 0.2401228378133454 0.2401228378133454 0.050540507343096154 0.2401228364215744 0.050540507343096154 0.0 0.7121677961064321
0.7121677951785848 0.7121677965703557 0.7121677965703557 0.7121677963105584 0.7121677951785848 0.7121677963105584 0.7121677961064321 0.0
