0.0 0.017691941710090323 0.21848017124937186 0.2112975609982047 0.21848017124937186 0.5888021221931754 0.5888021221931754 0.58880212273801
0.017691941710090323 0.0 0.21848017124937186 0.2112975609982047 0.21848017124937186 0.5888021221931754 0.5888021221931754 0.58880212273801
0.21848017124937186 0.21848017124937186 0.0 0.21848017233904096 0.1718154070062139 0.5888021257890835 0.5888021257890835 0.5888021263339179
0.2112975609982047 0.2112975609982047 0.21848017233904096 0.0 0.21848017233904096 0.5888021232828444 0.5888021232828444 0.588802123827679
0.21848017124937186 0.21848017124937186 0.1718154070062139 0.21848017233904096 0.0 0.5888021257890835 0.5888021257890835 0.5888021263339179
0.5888021221931754 0.5888021221931754 0.5888021257890835 0.5888021232828444 0.5888021257890835 0.0 0.035231289427518395 0.16787937999183825
0.5888021221931754 0.5888021221931754 0.5888021257890835 0.5888021232828444 0.5888021257890835 0.035231289427518395 0.0 0.16787937999183825
0.58880212273801 0.58880212273801 0.5888021263339179 0.588802123827679 0.5888021263339179 0.16787937999183825 0.16787937999183825 0.0
