0.0 0.6992175358684171 0.3105115946410479 0.04259681296187826 0.6992175358684171 0.6992175361484714 0.6992175357984035 0.6992175357984035
0.6992175358684171 0.0 0.6992175341180779 0.6992175358684171 0.0018095428803669425 0.02698869928992416 0.05280657347097178 0.1668517066292888
0.3105115946410479 0.6992175341180779 0.0 0.3105115946410479 0.6992175341180779 0.6992175343981321 0.6992175340480642 0.6992175340480642
0.04259681296187826 0.6992175358684171 0.3105115946410479 0.0 0.6992175358684171 0.6992175361484714 0.6992175357984035 0.6992175357984035
0.6992175358684171 0.0018095428803669425 0.6992175341180779 0.6992175358684171 0.0 0.02698869928992416 0.05280657347097178 0.1668517066292888
0.6992175361484714 0.02698869928992416 0.6992175343981321 0.6992175361484714 0.02698869928992416 0.0 0.05280657375102606 0.1668517069093431
0.6992175357984035 0.05280657347097178 0.6992175340480642 0.6992175357984035 0.05280657347097178 0.05280657375102606 0.0 0.16685170655927523
0.6992175357984035 0.1668517066292888 0.6992175340480642 0.6992175357984035 0.1668517066292888 0.1668517069093431 0.16685170655927523 0.0
