0.0 0.10446652371679103 0.38669052735499115 0.10446652371679103 0.05777998356820489 0.38669052735499115 0.38669052735499115 0.6456279720634529
0.10446652371679103 0.0 0.3866905282240243 0.00695756543956687 0.10446652371679103 0.3866905282240243 0.3866905282240243 0.645627972932486
0.38669052735499115 0.3866905282240243 0.0 0.3866905282240243 0.38669052735499115 0.029895548893799372 0.12295389625408547 0.6456279818400752
0.10446652371679103 0.00695756543956687 0.3866905282240243 0.0 0.10446652371679103 0.3866905282240243 0.3866905282240243 0.645627972932486
0.05777998356820489 0.10446652371679103 0.38669052735499115 0.10446652371679103 0.0 0.38669052735499115 0.38669052735499115 0.6456279720634529
0.38669052735499115 0.3866905282240243 0.029895548893799372 0.3866905282240243 0.38669052735499115 0.0 0.12295389625408547 0.6456279818400752
0.38669052735499115 0.3866905282240243 0.12295389625408547 0.3866905282240243 0.38669052735499115 0.12295389625408547 0.0 0.6456279818400752
0.6456279720634529 0.645627972932486 0.6456279818400752 0.645627972932486 0.6456279720634529 0.6456279818400752 0.6456279818400752 0.0
