0.0 0.08144016296746563 0.010992005808063886 0.19445495541356023 0.48089601449968156 0.48089601449968156 0.48089600955780204 0.48089600955780204
0.08144016296746563 0.0 0.08144016296746563 0.19445495553122402 0.4808960146173454 0.4808960146173454 0.48089600967546586 0.48089600967546586
0.010992005808063886 0.08144016296746563 0.0 0.19445495541356023 0.48089601449968156 0.48089601449968156 0.48089600955780204 0.48089600955780204
0.19445495541356023 0.19445495553122402 0.19445495541356023 0.0 0.4808960157939834 0.4808960157939834 0.4808960108521039 0.4808960108521039
0.48089601449968156 0.4808960146173454 0.48089601449968156 0.4808960157939834 0.0 0.14849226524938303 0.15843141351632387 0.4443971765176339
0.48089601449968156 0.4808960146173454 0.48089601449968156 0.4808960157939834 0.14849226524938303 0.0 0.15843141351632387 0.4443971765176339
0.48089600955780204 0.48089600967546586 0.48089600955780204 0.4808960108521039 0.15843141351632387 0.15843141351632387 0.0 0.44439717157575437
0.48089600955780204 0.48089600967546586 0.48089600955780204 0.4808960108521039 0.4443971765176339 0.4443971765176339 0.44439717157575437 0.0
