0.0 0.1776917044081056 0.12017797841504214 0.38388239067875723 0.01433866041859468 0.5224969538197567 0.5224969538197567 0.5224969547432267
0.1776917044081056 0.0 0.17769170225334244 0.383882388523994 0.1776917044081056 0.5224969516649935 0.5224969516649935 0.5224969525884634
0.12017797841504214 0.17769170225334244 0.0 0.383882388523994 0.12017797841504214 0.5224969516649935 0.5224969516649935 0.5224969525884634
0.38388239067875723 0.383882388523994 0.383882388523994 0.0 0.38388239067875723 0.5224969516649935 0.5224969516649935 0.5224969525884634
0.01433866041859468 0.1776917044081056 0.12017797841504214 0.38388239067875723 0.0 0.5224969538197567 0.5224969538197567 0.5224969547432267
0.5224969538197567 0.5224969516649935 0.5224969516649935 0.5224969516649935 0.5224969538197567 0.0 0.11846661409050661 0.14044874989029985
0.5224969538197567 0.5224969516649935 0.5224969516649935 0.5224969516649935 0.5224969538197567 0.11846661409050661 0.0 0.14044874989029985
0.5224969547432267 0.5224969525884634 0.5224969525884634 0.5224969525884634 0.5224969547432267 0.14044874989029985 0.14044874989029985 0.0
