0.0 0.06832277792583577 0.12319737965731886 0.07890349902094884 0.35829105548470774 0.3677316866694109 0.3677316866694109 0.3990952075279193
0.06832277792583577 0.0 0.12319737965731886 0.07890349902094884 0.35829105548470774 0.3677316866694109 0.3677316866694109 0.3990952075279193
0.12319737965731886 0.12319737965731886 0.0 0.12319737974395367 0.35829105557134255 0.3677316867560458 0.3677316867560458 0.39909520761455414
0.07890349902094884 0.07890349902094884 0.12319737974395367 0.0 0.3582910555713425 0.36773168675604573 0.36773168675604573 0.39909520761455414
0.35829105548470774 0.35829105548470774 0.35829105557134255 0.3582910555713425 0.0 0.3677316893550904 0.3677316893550904 0.3990952102135988
0.3677316866694109 0.3677316866694109 0.3677316867560458 0.36773168675604573 0.3677316893550904 0.0 0.20536318410670362 0.3990952067482059
0.3677316866694109 0.3677316866694109 0.3677316867560458 0.36773168675604573 0.3677316893550904 0.20536318410670362 0.0 0.3990952067482059
0.3990952075279193 0.3990952075279193 0.39909520761455414 0.39909520761455414 0.3990952102135988 0.3990952067482059 0.3990952067482059 0.0
