0.0 0.07660550574244387 0.07660550574244387 0.1972945253728312 0.016149167789754403 0.37392277024806114 0.5790696061602526 0.5790696061602526
0.07660550574244387 0.0 2.4328389508734408e-05 0.19729452579460294 0.07660550574244387 0.37392277066983287 0.5790696065820243 0.5790696065820243
0.07660550574244387 2.4328389508734408e-05 0.0 0.19729452579460294 0.07660550574244387 0.37392277066983287 0.5790696065820243 0.5790696065820243
0.1972945253728312 0.19729452579460294 0.19729452579460294 0.0 0.1972945253728312 0.37392276887532977 0.5790696047875212 0.5790696047875212
0.016149167789754403 0.07660550574244387 0.07660550574244387 0.1972945253728312 0.0 0.37392277024806114 0.5790696061602526 0.5790696061602526
0.37392277024806114 0.37392277066983287 0.37392277066983287 0.37392276887532977 0.37392277024806114 0.0 0.5790696047875212 0.5790696047875212
0.5790696061602526 0.5790696065820243 0.5790696065820243 0.5790696047875212 0.5790696061602526 0.5790696047875212 0.0 0.17786449246058647
0.5790696061602526 0.5790696065820243 0.5790696065820243 0.5790696047875212 0.5790696061602526 0.5790696047875212 0.17786449246058647 0.0
