0.0 0.07590406931303026 0.06429589927175619 0.3248703128132145 0.3248703128132145 0.3248703128132145 0.32487031472534844 0.4544766348165425
0.07590406931303026 0.0 0.07590406931303026 0.3248703128132145 0.3248703128132145 0.3248703128132145 0.32487031472534844 0.4544766348165425
0.06429589927175619 0.07590406931303026 0.0 0.3248703128132145 0.3248703128132145 0.3248703128132145 0.32487031472534844 0.4544766348165425
0.3248703128132145 0.3248703128132145 0.3248703128132145 0.0 0.06887251539776298 0.2619915495521855 0.29511238465634343 0.45447663226703056
0.3248703128132145 0.3248703128132145 0.3248703128132145 0.06887251539776298 0.0 0.2619915495521855 0.29511238465634343 0.45447663226703056
0.3248703128132145 0.3248703128132145 0.3248703128132145 0.2619915495521855 0.2619915495521855 0.0 0.29511238465634343 0.45447663226703056
0.32487031472534844 0.32487031472534844 0.32487031472534844 0.29511238465634343 0.29511238465634343 0.29511238465634343 0.0 0.4544766341791645
0.4544766348165425 0.4544766348165425 0.4544766348165425 0.45447663226703056 0.45447663226703056 0.45447663226703056 0.4544766341791645 0.0
