0.0 0.2394500298307484 0.09527335289810768 0.23945002986789288 0.2394500298307484 0.28896112916237493 0.45838571754884266 0.45838571754884266
0.2394500298307484 0.0 0.2394500298307484 0.05341628480243006 0.0004321313109787329 0.2889611278870813 0.4583857162735489 0.4583857162735489
0.09527335289810768 0.2394500298307484 0.0 0.23945002986789288 0.2394500298307484 0.28896112916237493 0.45838571754884266 0.45838571754884266
0.23945002986789288 0.05341628480243006 0.23945002986789288 0.0 0.05341628480243006 0.28896112792422574 0.4583857163106934 0.4583857163106934
0.2394500298307484 0.0004321313109787329 0.2394500298307484 0.05341628480243006 0.0 0.2889611278870813 0.4583857162735489 0.4583857162735489
0.28896112916237493 0.2889611278870813 0.28896112916237493 0.28896112792422574 0.2889611278870813 0.0 0.45838571754884266 0.45838571754884266
0.45838571754884266 0.4583857162735489 0.45838571754884266 0.4583857163106934 0.4583857162735489 0.45838571754884266 0.0 0.4056956381358244
0.45838571754884266 0.4583857162735489 0.45838571754884266 0.4583857163106934 0.4583857162735489 0.45838571754884266 0.4056956381358244 0.0
