0.0 0.4652566145305098 0.313275419509584 0.0690762682973375 0.4652566145305098 0.4652566121890931 0.4652566145305098 0.4652566145305098
0.4652566145305098 0.0 0.46525661687192654 0.4652566145305098 0.05995268207548064 0.279688503851929 0.32406254562469977 0.32406254562469977
0.313275419509584 0.46525661687192654 0.0 0.313275419509584 0.46525661687192654 0.4652566145305098 0.46525661687192654 0.46525661687192654
0.0690762682973375 0.4652566145305098 0.313275419509584 0.0 0.4652566145305098 0.4652566121890931 0.4652566145305098 0.4652566145305098
0.4652566145305098 0.05995268207548064 0.46525661687192654 0.4652566145305098 0.0 0.279688503851929 0.32406254562469977 0.32406254562469977
0.4652566121890931 0.279688503851929 0.4652566145305098 0.4652566121890931 0.279688503851929 0.0 0.32406254328328304 0.32406254328328304
0.4652566145305098 0.32406254562469977 0.46525661687192654 0.4652566145305098 0.32406254562469977 0.32406254328328304 0.0 0.023431351579949564
0.4652566145305098 0.32406254562469977 0.46525661687192654 0.4652566145305098 0.32406254562469977 0.32406254328328304 0.023431351579949564 0.0
