0.0 0.46630355483177505 0.11638237491669276 0.00010178466466430915 0.46630355483177505 0.466303554831775 0.466303554831775 0.5015496763769475
0.46630355483177505 0.0 0.4663035545173463 0.46630355483177505 0.03273321040392983 0.22040078800711094 0.22040078800711094 0.5015496723778065
0.11638237491669276 0.4663035545173463 0.0 0.11638237491669276 0.4663035545173463 0.46630355451734623 0.46630355451734623 0.5015496760625187
0.00010178466466430915 0.46630355483177505 0.11638237491669276 0.0 0.46630355483177505 0.466303554831775 0.466303554831775 0.5015496763769475
0.46630355483177505 0.03273321040392983 0.4663035545173463 0.46630355483177505 0.0 0.22040078800711094 0.22040078800711094 0.5015496723778065
0.466303554831775 0.22040078800711094 0.46630355451734623 0.466303554831775 0.22040078800711094 0.0 0.16097893873550193 0.5015496723778063
0.466303554831775 0.22040078800711094 0.46630355451734623 0.466303554831775 0.22040078800711094 0.16097893873550193 0.0 0.5015496723778063
0.5015496763769475 0.5015496723778065 0.5015496760625187 0.5015496763769475 0.5015496723778065 0.5015496723778063 0.5015496723778063 0.0
