0.0 0.43335861973637224 0.04919213533657611 0.43335861973637224 0.43335861973637224 0.43335861973637224 0.4333586197363722 0.4333586197363722
0.43335861973637224 0.0 0.43335861973637224 0.1307728374936678 0.25464291258895533 0.25464291258895533 0.29686019375493994 0.29686019375493994
0.04919213533657611 0.43335861973637224 0.0 0.43335861973637224 0.43335861973637224 0.43335861973637224 0.4333586197363722 0.4333586197363722
0.43335861973637224 0.1307728374936678 0.43335861973637224 0.0 0.25464291258895533 0.25464291258895533 0.29686019375493994 0.29686019375493994
0.43335861973637224 0.25464291258895533 0.43335861973637224 0.25464291258895533 0.0 0.2047103067167311 0.29686019375493994 0.29686019375493994
0.43335861973637224 0.25464291258895533 0.43335861973637224 0.25464291258895533 0.2047103067167311 0.0 0.29686019375493994 0.29686019375493994
0.4333586197363722 0.29686019375493994 0.4333586197363722 0.29686019375493994 0.29686019375493994 0.29686019375493994 0.0 0.1971043746363851
0.4333586197363722 0.29686019375493994 0.4333586197363722 0.29686019375493994 0.29686019375493994 0.29686019375493994 0.1971043746363851 0.0
