0.0 0.673880009584967 0.44991740936085634 0.673880009584967 0.673880009584967 0.673880009584967 0.673880009584967 0.673880009584967
0.673880009584967 0.0 0.673880009584967 0.02879214482372529 0.015512838798486639 0.08588845367536779 0.08588845367536779 0.08588845367536779
0.44991740936085634 0.673880009584967 0.0 0.673880009584967 0.673880009584967 0.673880009584967 0.673880009584967 0.673880009584967
0.673880009584967 0.02879214482372529 0.673880009584967 0.0 0.02879214482372529 0.08588845367536779 0.08588845367536779 0.08588845367536779
0.673880009584967 0.015512838798486639 0.673880009584967 0.02879214482372529 0.0 0.08588845367536779 0.08588845367536779 0.08588845367536779
0.673880009584967 0.08588845367536779 0.673880009584967 0.08588845367536779 0.08588845367536779 0.0 0.016472357985573602 0.05565677618605663
0.673880009584967 0.08588845367536779 0.673880009584967 0.08588845367536779 0.08588845367536779 0.016472357985573602 0.0 0.05565677618605663
0.673880009584967 0.08588845367536779 0.673880009584967 0.08588845367536779 0.08588845367536779 0.05565677618605663 0.05565677618605663 0.0
