0.0 0.09941662706619053 0.23054076321404743 0.0003158583421694639 0.23054076321404743 0.4116218126463151 0.47066834197580043 0.47066834197580043
0.09941662706619053 0.0 0.23054076354035327 0.09941662706619053 0.23054076354035327 0.4116218129726209 0.4706683423021062 0.4706683423021062
0.23054076321404743 0.23054076354035327 0.0 0.23054076321404743 0.01786415597828469 0.4116218130981232 0.4706683424276084 0.4706683424276084
0.0003158583421694639 0.09941662706619053 0.23054076321404743 0.0 0.23054076321404743 0.4116218126463151 0.47066834197580043 0.47066834197580043
0.23054076321404743 0.23054076354035327 0.01786415597828469 0.23054076321404743 0.0 0.4116218130981232 0.4706683424276084 0.4706683424276084
0.4116218126463151 0.4116218129726209 0.4116218130981232 0.4116218126463151 0.4116218130981232 0.0 0.4706683448121508 0.4706683448121508
0.47066834197580043 0.4706683423021062 0.4706683424276084 0.47066834197580043 0.4706683424276084 0.4706683448121508 0.0 0.29890409518692773
0.47066834197580043 0.4706683423021062 0.4706683424276084 0.47066834197580043 0.4706683424276084 0.4706683448121508 0.29890409518692773 0.0
