0.0 0.4907998182467428 0.15719908118910184 0.23820071018060465 0.037269577329124046 0.4907998182467428 0.4907998182467428 0.490799817218551
0.4907998182467428 0.0 0.4907998182467428 0.49079981721855104 0.4907998182467428 0.012567710625796718 0.09606402285425236 0.4770992633840191
0.15719908118910184 0.4907998182467428 0.0 0.23820071018060465 0.15719908118910184 0.4907998182467428 0.4907998182467428 0.490799817218551
0.23820071018060465 0.49079981721855104 0.23820071018060465 0.0 0.23820071018060465 0.49079981721855104 0.490799817218551 0.4907998161903592
0.037269577329124046 0.4907998182467428 0.15719908118910184 0.23820071018060465 0.0 0.4907998182467428 0.4907998182467428 0.490799817218551
0.4907998182467428 0.012567710625796718 0.4907998182467428 0.49079981721855104 0.4907998182467428 0.0 0.09606402285425236 0.4770992633840191
0.4907998182467428 0.09606402285425236 0.4907998182467428 0.490799817218551 0.4907998182467428 0.09606402285425236 0.0 0.4770992633840191
0.490799817218551 0.4770992633840191 0.490799817218551 0.4907998161903592 0.490799817218551 0.4770992633840191 0.4770992633840191 0.0
