0.0 0.04632467443976942 0.039283360056649785 0.6348630989088682 0.6348630989088682 0.6348631028653585 0.6348631028653585 0.6348631041841887
0.04632467443976942 0.0 0.04632467443976942 0.6348630990407511 0.6348630990407511 0.6348631029972416 0.6348631029972416 0.6348631043160716
0.039283360056649785 0.04632467443976942 0.0 0.6348630989088682 0.6348630989088682 0.6348631028653585 0.6348631028653585 0.6348631041841887
0.6348630989088682 0.6348630990407511 0.6348630989088682 0.0 0.006025025335323575 0.18166782837335357 0.18166782837335357 0.4215171219405237
0.6348630989088682 0.6348630990407511 0.6348630989088682 0.006025025335323575 0.0 0.18166782837335357 0.18166782837335357 0.4215171219405237
0.6348631028653585 0.6348631029972416 0.6348631028653585 0.18166782837335357 0.18166782837335357 0.0 0.03545578267294964 0.42151712589701407
0.6348631028653585 0.6348631029972416 0.6348631028653585 0.18166782837335357 0.18166782837335357 0.03545578267294964 0.0 0.42151712589701407
0.6348631041841887 0.6348631043160716 0.6348631041841887 0.4215171219405237 0.4215171219405237 0.42151712589701407 0.42151712589701407 0.0
