0.0 0.47571862909214724 0.47571862909214724 0.4757186287721682 0.06275317272110524 0.47571862749225213 0.47571862749225213 0.47571862813221016
0.47571862909214724 0.0 0.008123160856980692 0.09705052054625515 0.47571862909214724 0.14277219615226217 0.34884584043876354 0.38901785558004537
0.47571862909214724 0.008123160856980692 0.0 0.09705052054625515 0.47571862909214724 0.14277219615226217 0.34884584043876354 0.38901785558004537
0.4757186287721682 0.09705052054625515 0.09705052054625515 0.0 0.4757186287721682 0.14277219583228312 0.3488458401187845 0.3890178552600664
0.06275317272110524 0.47571862909214724 0.47571862909214724 0.4757186287721682 0.0 0.47571862749225213 0.47571862749225213 0.47571862813221016
0.47571862749225213 0.14277219615226217 0.14277219615226217 0.14277219583228312 0.47571862749225213 0.0 0.34884583883886844 0.38901785398015026
0.47571862749225213 0.34884584043876354 0.34884584043876354 0.3488458401187845 0.47571862749225213 0.34884583883886844 0.0 0.38901785398015026
0.47571862813221016 0.38901785558004537 0.38901785558004537 0.3890178552600664 0.47571862813221016 0.38901785398015026 0.38901785398015026 0.0
