0.0 0.04267192200013783 0.01062253852311811 0.16939666110387697 0.16939666110387697 0.19708641736607174 0.42066145774211644 0.5214029862619232
0.04267192200013783 0.0 0.04267192200013783 0.16939666092097744 0.16939666092097744 0.19708641718317224 0.42066145755921697 0.5214029860790237
0.01062253852311811 0.04267192200013783 0.0 0.16939666110387697 0.16939666110387697 0.19708641736607174 0.42066145774211644 0.5214029862619232
0.16939666110387697 0.16939666092097744 0.16939666110387697 0.0 0.11675502872893824 0.19708641809766977 0.4206614584737145 0.5214029869935212
0.16939666110387697 0.16939666092097744 0.16939666110387697 0.11675502872893824 0.0 0.19708641809766977 0.4206614584737145 0.5214029869935212
0.19708641736607174 0.19708641718317224 0.19708641736607174 0.19708641809766977 0.19708641809766977 0.0 0.4206614584737145 0.5214029869935212
0.42066145774211644 0.42066145755921697 0.42066145774211644 0.4206614584737145 0.4206614584737145 0.4206614584737145 0.0 0.5214029869935212
0.5214029862619232 0.5214029860790237 0.5214029862619232 0.5214029869935212 0.5214029869935212 0.5214029869935212 0.5214029869935212 0.0
