0.0 0.3273828946046177 0.4278777275397712 0.49878466969748114 0.03340365548517843 0.49878466969748114 0.4987846695462313 0.4987846695462313
0.3273828946046177 0.0 0.4278777252710234 0.49878466742873334 0.3273828946046177 0.49878466742873334 0.49878466727748344 0.49878466727748344
0.4278777275397712 0.4278777252710234 0.0 0.49878466818498257 0.4278777275397712 0.49878466818498257 0.4987846680337327 0.4987846680337327
0.49878466969748114 0.49878466742873334 0.49878466818498257 0.0 0.49878466969748114 0.04069821958902541 0.04525460340001674 0.12781356407017438
0.03340365548517843 0.3273828946046177 0.4278777275397712 0.49878466969748114 0.0 0.49878466969748114 0.4987846695462313 0.4987846695462313
0.49878466969748114 0.49878466742873334 0.49878466818498257 0.04069821958902541 0.49878466969748114 0.0 0.04525460340001674 0.12781356407017438
0.4987846695462313 0.49878466727748344 0.4987846680337327 0.04525460340001674 0.4987846695462313 0.04525460340001674 0.0 0.12781356391892454
0.4987846695462313 0.49878466727748344 0.4987846680337327 0.12781356407017438 0.4987846695462313 0.12781356407017438 0.12781356391892454 0.0
