0.0 0.4407724952239108 0.4407724952239108 0.06326726844890451 0.44077249546237607 0.4407724961437055 0.5655068222984365 0.5655068222984365
0.4407724952239108 0.0 0.004752939527787958 0.4407724952239108 0.025727087379558505 0.09748995302005672 0.5655068200159827 0.5655068200159827
0.4407724952239108 0.004752939527787958 0.0 0.4407724952239108 0.025727087379558505 0.09748995302005672 0.5655068200159827 0.5655068200159827
0.06326726844890451 0.4407724952239108 0.4407724952239108 0.0 0.44077249546237607 0.4407724961437055 0.5655068222984365 0.5655068222984365
0.44077249546237607 0.025727087379558505 0.025727087379558505 0.44077249546237607 0.0 0.09748995325852204 0.5655068202544481 0.5655068202544481
0.4407724961437055 0.09748995302005672 0.09748995302005672 0.4407724961437055 0.09748995325852204 0.0 0.5655068209357775 0.5655068209357775
0.5655068222984365 0.5655068200159827 0.5655068200159827 0.5655068222984365 0.5655068202544481 0.5655068209357775 0.0 0.2369766129271021
0.5655068222984365 0.5655068200159827 0.5655068200159827 0.5655068222984365 0.5655068202544481 0.5655068209357775 0.2369766129271021 0.0
