0.0 0.10088622948074562 0.3553432640415018 0.10088622948074562 0.0069180073649359915 0.4368138816486003 0.4368138816486003 0.5359099435700294
0.10088622948074562 0.0 0.3553432641621237 0.027033905456166872 0.10088622948074562 0.4368138817692222 0.4368138817692222 0.5359099436906513
0.3553432640415018 0.3553432641621237 0.0 0.3553432641621237 0.3553432640415018 0.43681388538787996 0.43681388538787996 0.535909947309309
0.10088622948074562 0.027033905456166872 0.3553432641621237 0.0 0.10088622948074562 0.4368138817692222 0.4368138817692222 0.5359099436906513
0.0069180073649359915 0.10088622948074562 0.3553432640415018 0.10088622948074562 0.0 0.4368138816486003 0.4368138816486003 0.5359099435700294
0.4368138816486003 0.4368138817692222 0.43681388538787996 0.4368138817692222 0.4368138816486003 0.0 0.0011848188911745504 0.5359099456869441
0.4368138816486003 0.4368138817692222 0.43681388538787996 0.4368138817692222 0.4368138816486003 0.0011848188911745504 0.0 0.5359099456869441
0.5359099435700294 0.5359099436906513 0.535909947309309 0.5359099436906513 0.5359099435700294 0.5359099456869441 0.5359099456869441 0.0
