0.0 0.39410603972820896 0.39410603995074706 0.39410603972820896 0.3544614263921929 0.5066370088799159 0.5066370088799159 0.5066370088799159
0.39410603972820896 0.0 0.10623036655111916 0.09572147531959115 0.39410603972820896 0.5066370042066167 0.5066370042066167 0.5066370042066167
0.39410603995074706 0.10623036655111916 0.0 0.10623036655111916 0.39410603995074706 0.5066370044291547 0.5066370044291547 0.5066370044291547
0.39410603972820896 0.09572147531959115 0.10623036655111916 0.0 0.39410603972820896 0.5066370042066167 0.5066370042066167 0.5066370042066167
0.3544614263921929 0.39410603972820896 0.39410603995074706 0.39410603972820896 0.0 0.5066370088799159 0.5066370088799159 0.5066370088799159
0.5066370088799159 0.5066370042066167 0.5066370044291547 0.5066370042066167 0.5066370088799159 0.0 0.011551681438037843 0.024654997261778763
0.5066370088799159 0.5066370042066167 0.5066370044291547 0.5066370042066167 0.5066370088799159 0.011551681438037843 0.0 0.024654997261778763
0.5066370088799159 0.5066370042066167 0.5066370044291547 0.5066370042066167 0.5066370088799159 0.024654997261778763 0.024654997261778763 0.0
