0.0 0.2864355256592259 0.3359749702358057 0.3359749702358057 0.3359749702358057 0.3359749702358057 0.3359749702358057 0.3493412072217107
0.2864355256592259 0.0 0.3359749702358057 0.3359749702358057 0.3359749702358057 0.3359749702358057 0.3359749702358057 0.3493412072217107
0.3359749702358057 0.3359749702358057 0.0 0.1835700209898937 0.1835700209898937 0.3318997545403337 0.3318997545403337 0.34934120626546994
0.3359749702358057 0.3359749702358057 0.1835700209898937 0.0 0.061513257650269784 0.3318997545403337 0.3318997545403337 0.34934120626546994
0.3359749702358057 0.3359749702358057 0.1835700209898937 0.061513257650269784 0.0 0.3318997545403337 0.3318997545403337 0.34934120626546994
0.3359749702358057 0.3359749702358057 0.3318997545403337 0.3318997545403337 0.3318997545403337 0.0 0.10192405743729052 0.34934120626546994
0.3359749702358057 0.3359749702358057 0.3318997545403337 0.3318997545403337 0.3318997545403337 0.10192405743729052 0.0 0.34934120626546994
0.3493412072217107 0.3493412072217107 0.34934120626546994 0.34934120626546994 0.34934120626546994 0.34934120626546994 0.34934120626546994 0.0
