0.0 0.022519660450253012 0.4033389618723059 0.4033389618723059 0.27084139688815684 0.40333896196682467 0.4033389616517622 0.5315156314657855
0.022519660450253012 0.0 0.4033389618723059 0.4033389618723059 0.27084139688815684 0.40333896196682467 0.4033389616517622 0.5315156314657855
0.4033389618723059 0.4033389618723059 0.0 0.002819085551125274 0.4033389609271187 0.025771109380082105 0.2116785247223618 0.5315156307411419
0.4033389618723059 0.4033389618723059 0.002819085551125274 0.0 0.4033389609271187 0.025771109380082105 0.2116785247223618 0.5315156307411419
0.27084139688815684 0.27084139688815684 0.4033389609271187 0.4033389609271187 0.0 0.4033389610216374 0.403338960706575 0.5315156305205982
0.40333896196682467 0.40333896196682467 0.025771109380082105 0.025771109380082105 0.4033389610216374 0.0 0.21167852481688051 0.5315156308356607
0.4033389616517622 0.4033389616517622 0.2116785247223618 0.2116785247223618 0.403338960706575 0.21167852481688051 0.0 0.5315156305205982
0.5315156314657855 0.5315156314657855 0.5315156307411419 0.5315156307411419 0.5315156305205982 0.5315156308356607 0.5315156305205982 0.0
