0.0 0.5740344102653913 0.5740344102653913 0.10979603714215748 0.5740344102653913 0.5740344106831975 0.5740344106831975 0.5740344048339101
0.5740344102653913 0.0 0.049849207857815145 0.5740344102653913 0.07316950601666491 0.08794568954735786 0.1372796102845113 0.39389113321657904
0.5740344102653913 0.049849207857815145 0.0 0.5740344102653913 0.07316950601666491 0.08794568954735786 0.1372796102845113 0.39389113321657904
0.10979603714215748 0.5740344102653913 0.5740344102653913 0.0 0.5740344102653913 0.5740344106831975 0.5740344106831975 0.5740344048339101
0.5740344102653913 0.07316950601666491 0.07316950601666491 0.5740344102653913 0.0 0.08794568954735786 0.1372796102845113 0.39389113321657904
0.5740344106831975 0.08794568954735786 0.08794568954735786 0.5740344106831975 0.08794568954735786 0.0 0.13727961070231756 0.3938911336343853
0.5740344106831975 0.1372796102845113 0.1372796102845113 0.5740344106831975 0.1372796102845113 0.13727961070231756 0.0 0.3938911336343853
0.5740344048339101 0.39389113321657904 0.39389113321657904 0.5740344048339101 0.39389113321657904 0.3938911336343853 0.3938911336343853 0.0
