0.0 0.1896794682291205 0.1896794682291205 0.01460947815534912 0.49140388052113887 0.49140388052113887 0.4914038820880668 0.4914038820880668
0.1896794682291205 0.0 0.03279471666459063 0.1896794682291205 0.4914038752719301 0.4914038752719301 0.49140387683885806 0.49140387683885806
0.1896794682291205 0.03279471666459063 0.0 0.1896794682291205 0.4914038752719301 0.4914038752719301 0.49140387683885806 0.49140387683885806
0.01460947815534912 0.1896794682291205 0.1896794682291205 0.0 0.49140388052113887 0.49140388052113887 0.4914038820880668 0.4914038820880668
0.49140388052113887 0.4914038752719301 0.4914038752719301 0.49140388052113887 0.0 0.032840112134994395 0.4330867630825593 0.4330867630825593
0.49140388052113887 0.4914038752719301 0.4914038752719301 0.49140388052113887 0.032840112134994395 0.0 0.4330867630825593 0.4330867630825593
0.4914038820880668 0.49140387683885806 0.49140387683885806 0.4914038820880668 0.4330867630825593 0.4330867630825593 0.0 0.31418170437338916
0.4914038820880668 0.49140387683885806 0.49140387683885806 0.4914038820880668 0.4330867630825593 0.4330867630825593 0.31418170437338916 0.0
