0.0 0.5242791134781019 0.30424198943558833 0.30424198943558833 0.1717634200336694 0.5242791134781019 0.5242791134781019 0.5242791109348174
0.5242791134781019 0.0 0.5242791179288495 0.5242791179288495 0.5242791134781019 0.06533705233740768 0.08748476633052 0.2816418283281865
0.30424198943558833 0.5242791179288495 0.0 0.0409727146709612 0.30424198943558833 0.5242791179288495 0.5242791179288495 0.5242791153855652
0.30424198943558833 0.5242791179288495 0.0409727146709612 0.0 0.30424198943558833 0.5242791179288495 0.5242791179288495 0.5242791153855652
0.1717634200336694 0.5242791134781019 0.30424198943558833 0.30424198943558833 0.0 0.5242791134781019 0.5242791134781019 0.5242791109348174
0.5242791134781019 0.06533705233740768 0.5242791179288495 0.5242791179288495 0.5242791134781019 0.0 0.08748476633052 0.2816418283281865
0.5242791134781019 0.08748476633052 0.5242791179288495 0.5242791179288495 0.5242791134781019 0.08748476633052 0.0 0.2816418283281865
0.5242791109348174 0.2816418283281865 0.5242791153855652 0.5242791153855652 0.5242791109348174 0.2816418283281865 0.2816418283281865 0.0
