0.0 0.01164226790767297 0.17396727971042306 0.7347753571887594 0.16615405776920092 0.7347753571887594 0.734775356985521 0.734775356985521
0.01164226790767297 0.0 0.17396727971042306 0.7347753571887594 0.16615405776920092 0.7347753571887594 0.734775356985521 0.734775356985521
0.17396727971042306 0.17396727971042306 0.0 0.734775356985521 0.17396728225090416 0.734775356985521 0.7347753567822825 0.7347753567822825
0.7347753571887594 0.7347753571887594 0.734775356985521 0.0 0.7347753597292406 0.0012744358086928846 0.042364245318475775 0.13504699717724988
0.16615405776920092 0.16615405776920092 0.17396728225090416 0.7347753597292406 0.0 0.7347753597292406 0.734775359526002 0.734775359526002
0.7347753571887594 0.7347753571887594 0.734775356985521 0.0012744358086928846 0.7347753597292406 0.0 0.042364245318475775 0.13504699717724988
0.734775356985521 0.734775356985521 0.7347753567822825 0.042364245318475775 0.734775359526002 0.042364245318475775 0.0 0.13504699697401137
0.734775356985521 0.734775356985521 0.7347753567822825 0.13504699717724988 0.734775359526002 0.13504699717724988 0.13504699697401137 0.0
