0.0 0.047213743082295284 0.38524907692837146 0.002035881376477695 0.38524907692837146 0.3852490766443258 0.3852490766443258 0.46072761526388123
0.047213743082295284 0.0 0.38524907701358513 0.047213743082295284 0.38524907701358513 0.3852490767295395 0.3852490767295395 0.4607276153490949
0.38524907692837146 0.38524907701358513 0.0 0.38524907692837146 0.16704835174808738 0.1855296089987637 0.29146810489545 0.460727618189551
0.002035881376477695 0.047213743082295284 0.38524907692837146 0.0 0.38524907692837146 0.3852490766443258 0.3852490766443258 0.46072761526388123
0.38524907692837146 0.38524907701358513 0.16704835174808738 0.38524907692837146 0.0 0.1855296089987637 0.29146810489545 0.460727618189551
0.3852490766443258 0.3852490767295395 0.1855296089987637 0.3852490766443258 0.1855296089987637 0.0 0.2914681046114044 0.4607276179055053
0.3852490766443258 0.3852490767295395 0.29146810489545 0.3852490766443258 0.29146810489545 0.2914681046114044 0.0 0.4607276179055053
0.46072761526388123 0.4607276153490949 0.460727618189551 0.46072761526388123 0.460727618189551 0.4607276179055053 0.4607276179055053 0.0
