0.0 0.47979890971581546 0.06553347843528728 0.47979890971581546 0.27246993113285856 0.4797989093522571 0.4797989093522571 0.4797989115336069
0.47979890971581546 0.0 0.47979890971581546 0.03303141110561786 0.4797989082615822 0.3598158507176705 0.3598158507176705 0.3598158528990203
0.06553347843528728 0.47979890971581546 0.0 0.47979890971581546 0.27246993113285856 0.4797989093522571 0.4797989093522571 0.4797989115336069
0.47979890971581546 0.03303141110561786 0.47979890971581546 0.0 0.4797989082615822 0.3598158507176705 0.3598158507176705 0.3598158528990203
0.27246993113285856 0.4797989082615822 0.27246993113285856 0.4797989082615822 0.0 0.47979890789802393 0.47979890789802393 0.4797989100793737
0.4797989093522571 0.3598158507176705 0.4797989093522571 0.3598158507176705 0.47979890789802393 0.0 0.005157702545503488 0.3043938062678731
0.4797989093522571 0.3598158507176705 0.4797989093522571 0.3598158507176705 0.47979890789802393 0.005157702545503488 0.0 0.3043938062678731
0.4797989115336069 0.3598158528990203 0.4797989115336069 0.3598158528990203 0.4797989100793737 0.3043938062678731 0.3043938062678731 0.0
