0.0 0.10434096429115074 0.08590425814046015 0.3817151517685554 0.37248305878471544 0.4365842673148421 0.4365842673148421 0.4365842673148421
0.10434096429115074 0.0 0.10434096429115074 0.3817151512823677 0.3724830582985277 0.43658426682865437 0.43658426682865437 0.43658426682865437
0.08590425814046015 0.10434096429115074 0.0 0.3817151517685554 0.37248305878471544 0.4365842673148421 0.4365842673148421 0.4365842673148421
0.3817151517685554 0.3817151512823677 0.3817151517685554 0.0 0.3817151512823677 0.4365842663424666 0.4365842663424666 0.4365842663424666
0.37248305878471544 0.3724830582985277 0.37248305878471544 0.3817151512823677 0.0 0.43658426682865437 0.43658426682865437 0.43658426682865437
0.4365842673148421 0.43658426682865437 0.4365842673148421 0.4365842663424666 0.43658426682865437 0.0 0.06467790448809559 0.11771012984208908
0.4365842673148421 0.43658426682865437 0.4365842673148421 0.4365842663424666 0.43658426682865437 0.06467790448809559 0.0 0.11771012984208908
0.4365842673148421 0.43658426682865437 0.4365842673148421 0.4365842663424666 0.43658426682865437 0.11771012984208908 0.11771012984208908 0.0
