0.0 0.1043433417960275 0.2587145286295661 0.13036235326637388 0.12664748322546326 0.4136169439715232 0.4136169439715232 0.41361694488678724
0.1043433417960275 0.0 0.2587145286295661 0.13036235326637388 0.12664748322546326 0.4136169439715232 0.4136169439715232 0.41361694488678724
0.2587145286295661 0.2587145286295661 0.0 0.2587145287210925 0.2587145286295661 0.4136169422325215 0.4136169422325215 0.4136169431477855
0.13036235326637388 0.13036235326637388 0.2587145287210925 0.0 0.13036235326637388 0.4136169440630496 0.4136169440630496 0.41361694497831364
0.12664748322546326 0.12664748322546326 0.2587145286295661 0.13036235326637388 0.0 0.4136169439715232 0.4136169439715232 0.41361694488678724
0.4136169439715232 0.4136169439715232 0.4136169422325215 0.4136169440630496 0.4136169439715232 0.0 0.2073048398706484 0.3453935660010856
0.4136169439715232 0.4136169439715232 0.4136169422325215 0.4136169440630496 0.4136169439715232 0.2073048398706484 0.0 0.3453935660010856
0.41361694488678724 0.41361694488678724 0.4136169431477855 0.41361694497831364 0.41361694488678724 0.3453935660010856 0.3453935660010856 0.0
