0.0 0.10284619184996824 0.4575386223315741 0.22185826629730318 0.0028376395199020176 0.4575386223315741 0.45753862156407277 0.4575386207965712
0.10284619184996824 0.0 0.4575386226385747 0.22185826660430374 0.10284619184996824 0.4575386226385747 0.45753862187107325 0.45753862110357185
0.4575386223315741 0.4575386226385747 0.0 0.4575386234060761 0.4575386223315741 0.011390413815946134 0.36126686325905233 0.3847233815156817
0.22185826629730318 0.22185826660430374 0.4575386234060761 0.0 0.22185826629730318 0.4575386234060761 0.4575386226385747 0.4575386218710732
0.0028376395199020176 0.10284619184996824 0.4575386223315741 0.22185826629730318 0.0 0.4575386223315741 0.45753862156407277 0.4575386207965712
0.4575386223315741 0.4575386226385747 0.011390413815946134 0.4575386234060761 0.4575386223315741 0.0 0.36126686325905233 0.3847233815156817
0.45753862156407277 0.45753862187107325 0.36126686325905233 0.4575386226385747 0.45753862156407277 0.36126686325905233 0.0 0.3847233807481802
0.4575386207965712 0.45753862110357185 0.3847233815156817 0.4575386218710732 0.4575386207965712 0.3847233815156817 0.3847233807481802 0.0
