0.0 0.3590285909357262 0.03977481698442039 0.08616770835897598 0.3590285909357262 0.3590285909357262 0.3590285909357262 0.4273616920140156
0.3590285909357262 0.0 0.3590285909357262 0.3590285912934269 0.13351713996796388 0.2167369873987563 0.31005136946452044 0.42736169451792033
0.03977481698442039 0.3590285909357262 0.0 0.08616770835897598 0.3590285909357262 0.3590285909357262 0.3590285909357262 0.4273616920140156
0.08616770835897598 0.3590285912934269 0.08616770835897598 0.0 0.3590285912934269 0.3590285912934269 0.3590285912934269 0.4273616923717163
0.3590285909357262 0.13351713996796388 0.3590285909357262 0.3590285912934269 0.0 0.2167369873987563 0.31005136946452044 0.42736169451792033
0.3590285909357262 0.2167369873987563 0.3590285909357262 0.3590285912934269 0.2167369873987563 0.0 0.31005136946452044 0.42736169451792033
0.3590285909357262 0.31005136946452044 0.3590285909357262 0.3590285912934269 0.31005136946452044 0.31005136946452044 0.0 0.42736169451792033
0.4273616920140156 0.42736169451792033 0.4273616920140156 0.4273616923717163 0.42736169451792033 0.42736169451792033 0.42736169451792033 0.0
