0.0 0.12451175033484001 0.18839581593076068 0.0263856441596525 0.04559537011113188 0.1885963993096553 0.35142475585730537 0.5375451272662721
0.12451175033484001 0.0 0.18839581851933704 0.12451175033484001 0.12451175085255527 0.18859640189823162 0.35142475844588167 0.5375451298548485
0.18839581593076068 0.18839581851933704 0.0 0.18839581593076068 0.18839581644847597 0.18859640138051634 0.3514247579281664 0.5375451293371332
0.0263856441596525 0.12451175033484001 0.18839581593076068 0.0 0.04559537011113188 0.1885963993096553 0.35142475585730537 0.5375451272662721
0.04559537011113188 0.12451175085255527 0.18839581644847597 0.04559537011113188 0.0 0.18859639982737056 0.3514247563750207 0.5375451277839874
0.1885963993096553 0.18859640189823162 0.18859640138051634 0.1885963993096553 0.18859639982737056 0.0 0.351424758150784 0.5375451295597508
0.35142475585730537 0.35142475844588167 0.3514247579281664 0.35142475585730537 0.3514247563750207 0.351424758150784 0.0 0.5375451295597508
0.5375451272662721 0.5375451298548485 0.5375451293371332 0.5375451272662721 0.5375451277839874 0.5375451295597508 0.5375451295597508 0.0
