0.0 0.025039744485714617 0.44227099259862895 0.4422709922755193 0.4422709922755193 0.44227098952139454 0.44227098952139454 0.44227098952139454
0.025039744485714617 0.0 0.44227099259862895 0.4422709922755193 0.4422709922755193 0.44227098952139454 0.44227098952139454 0.44227098952139454
0.44227099259862895 0.44227099259862895 0.0 0.07990984394110251 0.07990984394110251 0.37594276440130014 0.37594276440130014 0.413783002852951
0.4422709922755193 0.4422709922755193 0.07990984394110251 0.0 0.0009321777623295424 0.37594276407819055 0.37594276407819055 0.41378300252984146
0.4422709922755193 0.4422709922755193 0.07990984394110251 0.0009321777623295424 0.0 0.37594276407819055 0.37594276407819055 0.41378300252984146
0.44227098952139454 0.44227098952139454 0.37594276440130014 0.37594276407819055 0.37594276407819055 0.0 0.2198504878369229 0.41378299977571664
0.44227098952139454 0.44227098952139454 0.37594276440130014 0.37594276407819055 0.37594276407819055 0.2198504878369229 0.0 0.41378299977571664
0.44227098952139454 0.44227098952139454 0.413783002852951 0.41378300252984146 0.41378300252984146 0.41378299977571664 0.41378299977571664 0.0
