0.0 0.007003817361170097 0.21365324657969903 0.024006955338998905 0.024006955338998905 0.253101310967589 0.6415083142367963 0.6415083142367963
0.007003817361170097 0.0 0.21365324657969903 0.024006955338998905 0.024006955338998905 0.253101310967589 0.6415083142367963 0.6415083142367963
0.21365324657969903 0.21365324657969903 0.0 0.21365324653904325 0.21365324653904325 0.2531013109269332 0.6415083141961406 0.6415083141961406
0.024006955338998905 0.024006955338998905 0.21365324653904325 0.0 0.021178121848405115 0.2531013109269332 0.6415083141961406 0.6415083141961406
0.024006955338998905 0.024006955338998905 0.21365324653904325 0.021178121848405115 0.0 0.2531013109269332 0.6415083141961406 0.6415083141961406
0.253101310967589 0.253101310967589 0.2531013109269332 0.2531013109269332 0.2531013109269332 0.0 0.6415083121633515 0.6415083121633515
0.6415083142367963 0.6415083142367963 0.6415083141961406 0.6415083141961406 0.6415083141961406 0.6415083121633515 0.0 0.19803992158530154
0.6415083142367963 0.6415083142367963 0.6415083141961406 0.6415083141961406 0.6415083141961406 0.6415083121633515 0.19803992158530154 0.0
