0.0 0.5336054566395475 0.3747416274022163 0.3747416274022163 0.0008057702843988668 0.5336054566395475 0.5336054562589428 0.5336054566395475
0.5336054566395475 0.0 0.533605456753729 0.533605456753729 0.5336054566395475 0.058466148612652875 0.10678806901692953 0.13643669966996444
0.3747416274022163 0.533605456753729 0.0 0.2555507720011665 0.3747416274022163 0.533605456753729 0.5336054563731243 0.533605456753729
0.3747416274022163 0.533605456753729 0.2555507720011665 0.0 0.3747416274022163 0.533605456753729 0.5336054563731243 0.533605456753729
0.0008057702843988668 0.5336054566395475 0.3747416274022163 0.3747416274022163 0.0 0.5336054566395475 0.5336054562589428 0.5336054566395475
0.5336054566395475 0.058466148612652875 0.533605456753729 0.533605456753729 0.5336054566395475 0.0 0.10678806901692953 0.13643669966996444
0.5336054562589428 0.10678806901692953 0.5336054563731243 0.5336054563731243 0.5336054562589428 0.10678806901692953 0.0 0.13643669928935978
0.5336054566395475 0.13643669966996444 0.533605456753729 0.533605456753729 0.5336054566395475 0.13643669966996444 0.13643669928935978 0.0
