0.0 0.035348990045163294 0.37473512323112124 0.37473512323112124 0.34357880624288645 0.45798534118507345 0.45798534118507345 0.45798534118507345
0.035348990045163294 0.0 0.37473512323112124 0.37473512323112124 0.34357880624288645 0.45798534118507345 0.45798534118507345 0.45798534118507345
0.37473512323112124 0.37473512323112124 0.0 0.0035297564157864294 0.37473512360674494 0.4579853394947669 0.4579853394947669 0.4579853394947668
0.37473512323112124 0.37473512323112124 0.0035297564157864294 0.0 0.37473512360674494 0.4579853394947669 0.4579853394947669 0.4579853394947668
0.34357880624288645 0.34357880624288645 0.37473512360674494 0.37473512360674494 0.0 0.45798534156069715 0.45798534156069715 0.4579853415606971
0.45798534118507345 0.45798534118507345 0.4579853394947669 0.4579853394947669 0.45798534156069715 0.0 0.13737078730272623 0.18946585570685287
0.45798534118507345 0.45798534118507345 0.4579853394947669 0.4579853394947669 0.45798534156069715 0.13737078730272623 0.0 0.18946585570685287
0.45798534118507345 0.45798534118507345 0.4579853394947668 0.4579853394947668 0.4579853415606971 0.18946585570685287 0.18946585570685287 0.0
