0.0 0.1745964251638055 0.16905304203118787 0.1745964251638055 0.16221621585266557 0.17459642479414036 0.17459642479414036 0.5827197450169582
0.1745964251638055 0.0 0.17459642571830314 0.00936270847122196 0.1745964251638055 0.15508291437850036 0.16424920425353498 0.5827197450169582
0.16905304203118787 0.17459642571830314 0.0 0.17459642571830314 0.16905304203118787 0.17459642534863803 0.17459642534863803 0.5827197455714559
0.1745964251638055 0.00936270847122196 0.17459642571830314 0.0 0.1745964251638055 0.15508291437850036 0.16424920425353498 0.5827197450169582
0.16221621585266557 0.1745964251638055 0.16905304203118787 0.1745964251638055 0.0 0.17459642479414036 0.17459642479414036 0.5827197450169582
0.17459642479414036 0.15508291437850036 0.17459642534863803 0.15508291437850036 0.17459642479414036 0.0 0.16424920388386985 0.5827197446472931
0.17459642479414036 0.16424920425353498 0.17459642534863803 0.16424920425353498 0.17459642479414036 0.16424920388386985 0.0 0.5827197446472931
0.5827197450169582 0.5827197450169582 0.5827197455714559 0.5827197450169582 0.5827197450169582 0.5827197446472931 0.5827197446472931 0.0
