0.0 0.10535921071473654 0.3341169648001806 0.16917308452052013 0.16917308452052013 0.3341169648001806 0.3341169663965707 0.5795606726922553
0.10535921071473654 0.0 0.3341169648001806 0.16917308452052013 0.16917308452052013 0.3341169648001806 0.3341169663965707 0.5795606726922553
0.3341169648001806 0.3341169648001806 0.0 0.33411696679566827 0.33411696679566827 0.009397243126107405 0.1941263150088641 0.5795606730913528
0.16917308452052013 0.16917308452052013 0.33411696679566827 0.0 0.028705832454105164 0.33411696679566827 0.3341169683920584 0.5795606746877431
0.16917308452052013 0.16917308452052013 0.33411696679566827 0.028705832454105164 0.0 0.33411696679566827 0.3341169683920584 0.5795606746877431
0.3341169648001806 0.3341169648001806 0.009397243126107405 0.33411696679566827 0.33411696679566827 0.0 0.1941263150088641 0.5795606730913528
0.3341169663965707 0.3341169663965707 0.1941263150088641 0.3341169683920584 0.3341169683920584 0.1941263150088641 0.0 0.5795606746877431
0.5795606726922553 0.5795606726922553 0.5795606730913528 0.5795606746877431 0.5795606746877431 0.5795606730913528 0.5795606746877431 0.0
