0.0 0.6549995659692857 0.6549995659692857 0.6549995671833508 0.13959109204557324 0.6549995671833508 0.6549995662120986 0.6549995645933452
0.6549995659692857 0.0 0.002381765448853366 0.10374323933077945 0.6549995659692857 0.10374323933077945 0.13942175399754497 0.23346116907188563
0.6549995659692857 0.002381765448853366 0.0 0.10374323933077945 0.6549995659692857 0.10374323933077945 0.13942175399754497 0.23346116907188563
0.6549995671833508 0.10374323933077945 0.10374323933077945 0.0 0.6549995671833508 0.07140184808585448 0.1394217552116101 0.2334611702859508
0.13959109204557324 0.6549995659692857 0.6549995659692857 0.6549995671833508 0.0 0.6549995671833508 0.6549995662120986 0.6549995645933452
0.6549995671833508 0.10374323933077945 0.10374323933077945 0.07140184808585448 0.6549995671833508 0.0 0.1394217552116101 0.2334611702859508
0.6549995662120986 0.13942175399754497 0.13942175399754497 0.1394217552116101 0.6549995662120986 0.1394217552116101 0.0 0.23346116931469868
0.6549995645933452 0.23346116907188563 0.23346116907188563 0.2334611702859508 0.6549995645933452 0.2334611702859508 0.23346116931469868 0.0
