0.0 0.1617954048889598 0.4977400466243345 0.4977400466243345 0.3205106115294187 0.497740046682814 0.497740046682814 0.4977400440837209
0.1617954048889598 0.0 0.4977400466243345 0.4977400466243345 0.3205106115294187 0.497740046682814 0.497740046682814 0.4977400440837209
0.4977400466243345 0.4977400466243345 0.0 0.00047493086877578773 0.4977400466243345 0.0182385939796187 0.032670774562283435 0.4708295933459296
0.4977400466243345 0.4977400466243345 0.00047493086877578773 0.0 0.4977400466243345 0.0182385939796187 0.032670774562283435 0.4708295933459296
0.3205106115294187 0.3205106115294187 0.4977400466243345 0.4977400466243345 0.0 0.497740046682814 0.497740046682814 0.4977400440837209
0.497740046682814 0.497740046682814 0.0182385939796187 0.0182385939796187 0.497740046682814 0.0 0.03267077462076303 0.4708295934044092
0.497740046682814 0.497740046682814 0.032670774562283435 0.032670774562283435 0.497740046682814 0.03267077462076303 0.0 0.4708295934044092
0.4977400440837209 0.4977400440837209 0.4708295933459296 0.4708295933459296 0.4977400440837209 0.4708295934044092 0.4708295934044092 0.0
