0.0 0.062321613699139126 0.007010033258411944 0.05505233280878072 0.062321613699139126 0.31183698667098586 0.46894161148916086 0.5468198272372059
0.062321613699139126 0.0 0.062321613699139126 0.0623216138275667 0.001197767042590413 0.3118369868422226 0.46894161166039755 0.5468198274084427
0.007010033258411944 0.062321613699139126 0.0 0.05505233280878072 0.062321613699139126 0.31183698667098586 0.46894161148916086 0.5468198272372059
0.05505233280878072 0.0623216138275667 0.05505233280878072 0.0 0.0623216138275667 0.31183698679941346 0.4689416116175884 0.5468198273656335
0.062321613699139126 0.001197767042590413 0.062321613699139126 0.0623216138275667 0.0 0.3118369868422226 0.46894161166039755 0.5468198274084427
0.31183698667098586 0.3118369868422226 0.31183698667098586 0.31183698679941346 0.3118369868422226 0.0 0.4689416116175884 0.5468198273656335
0.46894161148916086 0.46894161166039755 0.46894161148916086 0.4689416116175884 0.46894161166039755 0.4689416116175884 0.0 0.5468198273656335
0.5468198272372059 0.5468198274084427 0.5468198272372059 0.5468198273656335 0.5468198274084427 0.5468198273656335 0.5468198273656335 0.0
