0.0 0.25035698371900567 0.5008456568173456 0.5008456568173456 0.013244404264194022 0.5008456568173456 0.5008456601710023 0.5008456601710023
0.25035698371900567 0.0 0.5008456522899091 0.5008456522899091 0.25035698371900567 0.5008456522899091 0.5008456556435658 0.5008456556435658
0.5008456568173456 0.5008456522899091 0.0 0.024760201728078298 0.5008456568173456 0.13547670744991744 0.37992555297630903 0.37992555297630903
0.5008456568173456 0.5008456522899091 0.024760201728078298 0.0 0.5008456568173456 0.13547670744991744 0.37992555297630903 0.37992555297630903
0.013244404264194022 0.25035698371900567 0.5008456568173456 0.5008456568173456 0.0 0.5008456568173456 0.5008456601710023 0.5008456601710023
0.5008456568173456 0.5008456522899091 0.13547670744991744 0.13547670744991744 0.5008456568173456 0.0 0.37992555297630903 0.37992555297630903
0.5008456601710023 0.5008456556435658 0.37992555297630903 0.37992555297630903 0.5008456601710023 0.37992555297630903 0.0 0.19454483740158413
0.5008456601710023 0.5008456556435658 0.37992555297630903 0.37992555297630903 0.5008456601710023 0.37992555297630903 0.19454483740158413 0.0
