0.0 0.15202352970710742 0.15202353085207088 0.043378840682966914 0.15202352970710742 0.22209221786165448 0.6572068434806112 0.6572068434806112
0.15202352970710742 0.0 0.11019570781555309 0.15202352970710742 0.1044478058892798 0.22209221629263046 0.6572068419115872 0.6572068419115872
0.15202353085207088 0.11019570781555309 0.0 0.15202353085207088 0.11019570781555309 0.22209221743759391 0.6572068430565506 0.6572068430565506
0.043378840682966914 0.15202352970710742 0.15202353085207088 0.0 0.15202352970710742 0.22209221786165448 0.6572068434806112 0.6572068434806112
0.15202352970710742 0.1044478058892798 0.11019570781555309 0.15202352970710742 0.0 0.22209221629263046 0.6572068419115872 0.6572068419115872
0.22209221786165448 0.22209221629263046 0.22209221743759391 0.22209221786165448 0.22209221629263046 0.0 0.6572068400881269 0.6572068400881269
0.6572068434806112 0.6572068419115872 0.6572068430565506 0.6572068434806112 0.6572068419115872 0.6572068400881269 0.0 0.05344821489876096
0.6572068434806112 0.6572068419115872 0.6572068430565506 0.6572068434806112 0.6572068419115872 0.6572068400881269 0.05344821489876096 0.0
