0.0 0.3496871053162813 0.4796433079806169 0.4796433071027322 0.4796433071027322 0.4796433077611457 0.4796433077611457 0.4796433077611457
0.3496871053162813 0.0 0.4796433079806169 0.4796433071027322 0.4796433071027322 0.4796433077611457 0.4796433077611457 0.4796433077611457
0.4796433079806169 0.4796433079806169 0.0 0.16233425682771518 0.16233425682771518 0.20462856063168083 0.20462856063168083 0.26317177148320176
0.4796433071027322 0.4796433071027322 0.16233425682771518 0.0 0.0051159590498686775 0.20462855975379615 0.20462855975379615 0.26317177060531705
0.4796433071027322 0.4796433071027322 0.16233425682771518 0.0051159590498686775 0.0 0.20462855975379615 0.20462855975379615 0.26317177060531705
0.4796433077611457 0.4796433077611457 0.20462856063168083 0.20462855975379615 0.20462855975379615 0.0 0.055775732046845584 0.26317177126373054
0.4796433077611457 0.4796433077611457 0.20462856063168083 0.20462855975379615 0.20462855975379615 0.055775732046845584 0.0 0.26317177126373054
0.4796433077611457 0.4796433077611457 0.26317177148320176 0.26317177060531705 0.26317177060531705 0.26317177126373054 0.26317177126373054 0.0
