0.0 0.07578209215288828 0.0385915055082117 0.2339148133393376 0.1450049685104751 0.5046549177352061 0.5046549177352061 0.5046549172995917
0.07578209215288828 0.0 0.07578209215288828 0.2339148133393376 0.1450049685104751 0.5046549177352061 0.5046549177352061 0.5046549172995917
0.0385915055082117 0.07578209215288828 0.0 0.2339148133393376 0.1450049685104751 0.5046549177352061 0.5046549177352061 0.5046549172995917
0.2339148133393376 0.2339148133393376 0.2339148133393376 0.0 0.2339148133393376 0.5046549145477838 0.5046549145477838 0.5046549141121693
0.1450049685104751 0.1450049685104751 0.1450049685104751 0.2339148133393376 0.0 0.5046549177352061 0.5046549177352061 0.5046549172995917
0.5046549177352061 0.5046549177352061 0.5046549177352061 0.5046549145477838 0.5046549177352061 0.0 0.0020562495162144995 0.49534053912549764
0.5046549177352061 0.5046549177352061 0.5046549177352061 0.5046549145477838 0.5046549177352061 0.0020562495162144995 0.0 0.49534053912549764
0.5046549172995917 0.5046549172995917 0.5046549172995917 0.5046549141121693 0.5046549172995917 0.49534053912549764 0.49534053912549764 0.0
