0.0 0.21366274019447135 0.29091564446874063 0.26540756500784446 0.29091564446874063 0.547540362103333 0.547540362103333 0.5475403625624877
0.21366274019447135 0.0 0.29091564446874063 0.26540756500784446 0.29091564446874063 0.547540362103333 0.547540362103333 0.5475403625624877
0.29091564446874063 0.29091564446874063 0.0 0.29091564544566567 0.0750492936186211 0.547540362103333 0.547540362103333 0.5475403625624877
0.26540756500784446 0.26540756500784446 0.29091564544566567 0.0 0.29091564544566567 0.5475403630802581 0.5475403630802581 0.5475403635394128
0.29091564446874063 0.29091564446874063 0.0750492936186211 0.29091564544566567 0.0 0.547540362103333 0.547540362103333 0.5475403625624877
0.547540362103333 0.547540362103333 0.547540362103333 0.5475403630802581 0.547540362103333 0.0 0.02907656278650498 0.030807468281071494
0.547540362103333 0.547540362103333 0.547540362103333 0.5475403630802581 0.547540362103333 0.02907656278650498 0.0 0.030807468281071494
0.5475403625624877 0.5475403625624877 0.5475403625624877 0.5475403635394128 0.5475403625624877 0.030807468281071494 0.030807468281071494 0.0
