0.0 0.24049975589205633 0.012022470926428894 0.24049975589205633 0.016620551257580024 0.4338718863563858 0.4338718863563858 0.45868253119354435
0.24049975589205633 0.0 0.24049975589205633 0.0060966532863231445 0.24049975541246044 0.43387188917401154 0.43387188917401154 0.45868253401117004
0.012022470926428894 0.24049975589205633 0.0 0.24049975589205633 0.016620551257580024 0.4338718863563858 0.4338718863563858 0.45868253119354435
0.24049975589205633 0.0060966532863231445 0.24049975589205633 0.0 0.24049975541246044 0.43387188917401154 0.43387188917401154 0.45868253401117004
0.016620551257580024 0.24049975541246044 0.016620551257580024 0.24049975541246044 0.0 0.43387188587678993 0.43387188587678993 0.45868253071394843
0.4338718863563858 0.43387188917401154 0.4338718863563858 0.43387188917401154 0.43387188587678993 0.0 0.3735236162372186 0.45868253251243296
0.4338718863563858 0.43387188917401154 0.4338718863563858 0.43387188917401154 0.43387188587678993 0.3735236162372186 0.0 0.45868253251243296
0.45868253119354435 0.45868253401117004 0.45868253119354435 0.45868253401117004 0.45868253071394843 0.45868253251243296 0.45868253251243296 0.0
