0.0 0.07837984432001933 0.07962008822923451 0.26364733342398095 0.26364733342398095 0.27307836170792027 0.5403347740709377 0.5403347740709377
0.07837984432001933 0.0 0.07962008822923451 0.26364733342398095 0.26364733342398095 0.27307836170792027 0.5403347740709377 0.5403347740709377
0.07962008822923451 0.07962008822923451 0.0 0.26364733319283806 0.26364733319283806 0.2730783614767774 0.5403347738397947 0.5403347738397947
0.26364733342398095 0.26364733342398095 0.26364733319283806 0.0 0.20422899203288258 0.2730783574317759 0.5403347697947932 0.5403347697947932
0.26364733342398095 0.26364733342398095 0.26364733319283806 0.20422899203288258 0.0 0.2730783574317759 0.5403347697947932 0.5403347697947932
0.27307836170792027 0.27307836170792027 0.2730783614767774 0.2730783574317759 0.2730783574317759 0.0 0.5403347733775088 0.5403347733775088
0.5403347740709377 0.5403347740709377 0.5403347738397947 0.5403347697947932 0.5403347697947932 0.5403347733775088 0.0 0.020375837344803083
0.5403347740709377 0.5403347740709377 0.5403347738397947 0.5403347697947932 0.5403347697947932 0.5403347733775088 0.020375837344803083 0.0
