0.0 0.02522161864910533 0.030764746074441327 0.6263321537873126 0.6263321537873126 0.6263321526405274 0.6263321526405274 0.6263321537873126
0.02522161864910533 0.0 0.030764746074441327 0.6263321537873126 0.6263321537873126 0.6263321526405274 0.6263321526405274 0.6263321537873126
0.030764746074441327 0.030764746074441327 0.0 0.6263321536549912 0.6263321536549912 0.6263321525082061 0.6263321525082061 0.6263321536549912
0.6263321537873126 0.6263321537873126 0.6263321536549912 0.0 0.028943340567825708 0.489709846704779 0.489709846704779 0.4897098478515642
0.6263321537873126 0.6263321537873126 0.6263321536549912 0.028943340567825708 0.0 0.489709846704779 0.489709846704779 0.4897098478515642
0.6263321526405274 0.6263321526405274 0.6263321525082061 0.489709846704779 0.489709846704779 0.0 0.002964446208898507 0.16973169435264632
0.6263321526405274 0.6263321526405274 0.6263321525082061 0.489709846704779 0.489709846704779 0.002964446208898507 0.0 0.16973169435264632
0.6263321537873126 0.6263321537873126 0.6263321536549912 0.4897098478515642 0.4897098478515642 0.16973169435264632 0.16973169435264632 0.0
