0.0 0.12042904776282062 0.21551353119637376 0.0007230931287605998 0.4491063022296481 0.4491063022296481 0.44910630399822354 0.5158297271484072
0.12042904776282062 0.0 0.21551353098414466 0.12042904776282062 0.449106302017419 0.449106302017419 0.4491063037859945 0.5158297269361782
0.21551353119637376 0.21551353098414466 0.0 0.21551353119637376 0.449106302017419 0.449106302017419 0.4491063037859945 0.5158297269361782
0.0007230931287605998 0.12042904776282062 0.21551353119637376 0.0 0.4491063022296481 0.4491063022296481 0.44910630399822354 0.5158297271484072
0.4491063022296481 0.449106302017419 0.449106302017419 0.4491063022296481 0.0 0.04392974232780082 0.13863882969446842 0.5158297251676027
0.4491063022296481 0.449106302017419 0.449106302017419 0.4491063022296481 0.04392974232780082 0.0 0.13863882969446842 0.5158297251676027
0.44910630399822354 0.4491063037859945 0.4491063037859945 0.44910630399822354 0.13863882969446842 0.13863882969446842 0.0 0.5158297269361782
0.5158297271484072 0.5158297269361782 0.5158297269361782 0.5158297271484072 0.5158297251676027 0.5158297251676027 0.5158297269361782 0.0
