0.0 0.1393286176269461 0.0019288142496208826 0.18762856886516782 0.026572035086946742 0.5249183056901179 0.5249183056901179 0.5249183037295211
0.1393286176269461 0.0 0.1393286176269461 0.18762856618568566 0.1393286175615929 0.5249183030106358 0.5249183030106358 0.524918301050039
0.0019288142496208826 0.1393286176269461 0.0 0.18762856886516782 0.026572035086946742 0.5249183056901179 0.5249183056901179 0.5249183037295211
0.18762856886516782 0.18762856618568566 0.18762856886516782 0.0 0.1876285687998146 0.5249183049712325 0.5249183049712325 0.5249183030106358
0.026572035086946742 0.1393286175615929 0.026572035086946742 0.1876285687998146 0.0 0.5249183056247647 0.5249183056247647 0.5249183036641679
0.5249183056901179 0.5249183030106358 0.5249183056901179 0.5249183049712325 0.5249183056247647 0.0 0.10396464347435033 0.49074071474105013
0.5249183056901179 0.5249183030106358 0.5249183056901179 0.5249183049712325 0.5249183056247647 0.10396464347435033 0.0 0.49074071474105013
0.5249183037295211 0.524918301050039 0.5249183037295211 0.5249183030106358 0.5249183036641679 0.49074071474105013 0.49074071474105013 0.0
