0.0 0.2598891338444913 0.449357673315874 0.449357673315874 0.30937273144091965 0.4493576743058586 0.44935767496584833 0.44935767496584833
0.2598891338444913 0.0 0.449357673315874 0.449357673315874 0.30937273144091965 0.4493576743058586 0.44935767496584833 0.44935767496584833
0.449357673315874 0.449357673315874 0.0 0.0037543580142649336 0.4493576741408612 0.1610386799501798 0.18403097731761023 0.18403097731761023
0.449357673315874 0.449357673315874 0.0037543580142649336 0.0 0.4493576741408612 0.1610386799501798 0.18403097731761023 0.18403097731761023
0.30937273144091965 0.30937273144091965 0.4493576741408612 0.4493576741408612 0.0 0.4493576751308459 0.44935767579083563 0.44935767579083563
0.4493576743058586 0.4493576743058586 0.1610386799501798 0.1610386799501798 0.4493576751308459 0.0 0.18403097830759488 0.18403097830759488
0.44935767496584833 0.44935767496584833 0.18403097731761023 0.18403097731761023 0.44935767579083563 0.18403097830759488 0.0 0.18319876933584
0.44935767496584833 0.44935767496584833 0.18403097731761023 0.18403097731761023 0.44935767579083563 0.18403097830759488 0.18319876933584 0.0
