0.0 0.19268277491659322 0.3700307305046624 0.28568254762963813 0.28568254762963813 0.3700307305046624 0.3700307332718651 0.4779514317031824
0.19268277491659322 0.0 0.3700307305046624 0.28568254762963813 0.28568254762963813 0.3700307305046624 0.3700307332718651 0.4779514317031824
0.3700307305046624 0.3700307305046624 0.0 0.37003073085056276 0.37003073085056276 0.03662807897608477 0.1477358331629405 0.4779514323949831
0.28568254762963813 0.28568254762963813 0.37003073085056276 0.0 0.011337167598812247 0.37003073085056276 0.37003073361776534 0.47795143204908275
0.28568254762963813 0.28568254762963813 0.37003073085056276 0.011337167598812247 0.0 0.37003073085056276 0.37003073361776534 0.47795143204908275
0.3700307305046624 0.3700307305046624 0.03662807897608477 0.37003073085056276 0.37003073085056276 0.0 0.1477358331629405 0.4779514323949831
0.3700307332718651 0.3700307332718651 0.1477358331629405 0.37003073361776534 0.37003073361776534 0.1477358331629405 0.0 0.4779514351621857
0.4779514317031824 0.4779514317031824 0.4779514323949831 0.47795143204908275 0.47795143204908275 0.4779514323949831 0.4779514351621857 0.0
