0.0 0.3435344161063465 0.3435344161063465 0.3435344161063465 0.15393190726662073 0.3435344158570454 0.3435344158570454 0.5087614108074813
0.3435344161063465 0.0 0.035511732670410405 0.013429389727755696 0.3435344161063465 0.12338619939801847 0.3126835339637893 0.5087614105581801
0.3435344161063465 0.035511732670410405 0.0 0.035511732670410405 0.3435344161063465 0.12338619939801847 0.3126835339637893 0.5087614105581801
0.3435344161063465 0.013429389727755696 0.035511732670410405 0.0 0.3435344161063465 0.12338619939801847 0.3126835339637893 0.5087614105581801
0.15393190726662073 0.3435344161063465 0.3435344161063465 0.3435344161063465 0.0 0.3435344158570454 0.3435344158570454 0.5087614108074813
0.3435344158570454 0.12338619939801847 0.12338619939801847 0.12338619939801847 0.3435344158570454 0.0 0.3126835337144882 0.508761410308879
0.3435344158570454 0.3126835339637893 0.3126835339637893 0.3126835339637893 0.3435344158570454 0.3126835337144882 0.0 0.508761410308879
0.5087614108074813 0.5087614105581801 0.5087614105581801 0.5087614105581801 0.5087614108074813 0.508761410308879 0.508761410308879 0.0
