0.0 0.15683089057666139 0.02143622578337245 0.5868730532024378 0.5868730532024378 0.5868730535474361 0.5868730514774462 0.5868730514774462
0.15683089057666139 0.0 0.15683089057666139 0.5868730504424512 0.5868730504424512 0.5868730507874496 0.5868730487174596 0.5868730487174596
0.02143622578337245 0.15683089057666139 0.0 0.5868730532024378 0.5868730532024378 0.5868730535474361 0.5868730514774462 0.5868730514774462
0.5868730532024378 0.5868730504424512 0.5868730532024378 0.0 0.0027178602977067207 0.04155059562875451 0.19627555635095303 0.4074427708226478
0.5868730532024378 0.5868730504424512 0.5868730532024378 0.0027178602977067207 0.0 0.04155059562875451 0.19627555635095303 0.4074427708226478
0.5868730535474361 0.5868730507874496 0.5868730535474361 0.04155059562875451 0.04155059562875451 0.0 0.19627555669595137 0.40744277116764616
0.5868730514774462 0.5868730487174596 0.5868730514774462 0.19627555635095303 0.19627555635095303 0.19627555669595137 0.0 0.40744276909765614
0.5868730514774462 0.5868730487174596 0.5868730514774462 0.4074427708226478 0.4074427708226478 0.40744277116764616 0.40744276909765614 0.0
