0.0 0.08529647233083062 0.04848095936859664 0.7887673015790235 0.061061367263737384 0.7887673015790235 0.7887673013738541 0.7887673034255481
0.08529647233083062 0.0 0.08529647233083062 0.7887673009635155 0.08529647253599999 0.7887673009635155 0.7887673007583461 0.7887673028100399
0.04848095936859664 0.08529647233083062 0.0 0.7887673015790235 0.061061367263737384 0.7887673015790235 0.7887673013738541 0.7887673034255481
0.7887673015790235 0.7887673009635155 0.7887673015790235 0.0 0.7887673017841929 0.0007125167533754035 0.053615175707261216 0.1732989041871355
0.061061367263737384 0.08529647253599999 0.061061367263737384 0.7887673017841929 0.0 0.7887673017841929 0.7887673015790235 0.7887673036307175
0.7887673015790235 0.7887673009635155 0.7887673015790235 0.0007125167533754035 0.7887673017841929 0.0 0.053615175707261216 0.1732989041871355
0.7887673013738541 0.7887673007583461 0.7887673013738541 0.053615175707261216 0.7887673015790235 0.053615175707261216 0.0 0.17329890398196612
0.7887673034255481 0.7887673028100399 0.7887673034255481 0.1732989041871355 0.7887673036307175 0.1732989041871355 0.17329890398196612 0.0
