0.0 0.44609646820301513 0.005414998665330428 0.15982703008778248 0.164970151903605 0.44609646820301513 0.4460964703745884 0.4460964703745884
0.44609646820301513 0.0 0.44609646820301513 0.4460964647284979 0.44609646813062936 0.2599919447269619 0.4057449925634216 0.4057449925634216
0.005414998665330428 0.44609646820301513 0.0 0.15982703008778248 0.164970151903605 0.44609646820301513 0.4460964703745884 0.4460964703745884
0.15982703008778248 0.4460964647284979 0.15982703008778248 0.0 0.16497014842908772 0.4460964647284979 0.44609646690007115 0.44609646690007115
0.164970151903605 0.44609646813062936 0.164970151903605 0.16497014842908772 0.0 0.44609646813062936 0.44609647030220256 0.44609647030220256
0.44609646820301513 0.2599919447269619 0.44609646820301513 0.4460964647284979 0.44609646813062936 0.0 0.4057449925634216 0.4057449925634216
0.4460964703745884 0.4057449925634216 0.4460964703745884 0.44609646690007115 0.44609647030220256 0.4057449925634216 0.0 0.11185794702219805
0.4460964703745884 0.4057449925634216 0.4460964703745884 0.44609646690007115 0.44609647030220256 0.4057449925634216 0.11185794702219805 0.0
