0.0 0.5340919140663984 0.27323579955811483 0.5340919140663984 0.5340919138620427 0.5340919138620427 0.5340919114097727 0.5340919114097727
0.5340919140663984 0.0 0.5340919140663984 0.00338125876540874 0.08253033007221357 0.08253033007221357 0.32552800486670935 0.32552800486670935
0.27323579955811483 0.5340919140663984 0.0 0.5340919140663984 0.5340919138620427 0.5340919138620427 0.5340919114097727 0.5340919114097727
0.5340919140663984 0.00338125876540874 0.5340919140663984 0.0 0.08253033007221357 0.08253033007221357 0.32552800486670935 0.32552800486670935
0.5340919138620427 0.08253033007221357 0.5340919138620427 0.08253033007221357 0.0 0.02297070857238383 0.3255280046623535 0.3255280046623535
0.5340919138620427 0.08253033007221357 0.5340919138620427 0.08253033007221357 0.02297070857238383 0.0 0.3255280046623535 0.3255280046623535
0.5340919114097727 0.32552800486670935 0.5340919114097727 0.32552800486670935 0.3255280046623535 0.3255280046623535 0.0 0.22417007289335392
0.5340919114097727 0.32552800486670935 0.5340919114097727 0.32552800486670935 0.3255280046623535 0.3255280046623535 0.22417007289335392 0.0
