0.0 0.47774675289030544 0.47774675289030544 0.03241932602069334 0.03625471183237102 0.4777467506891935 0.5466752346248676 0.5466752346248676
0.47774675289030544 0.0 0.04994081458762526 0.47774675289030544 0.4777467528022609 0.30622955150961156 0.5466752290340431 0.5466752290340431
0.47774675289030544 0.04994081458762526 0.0 0.47774675289030544 0.4777467528022609 0.30622955150961156 0.5466752290340431 0.5466752290340431
0.03241932602069334 0.47774675289030544 0.47774675289030544 0.0 0.03625471183237102 0.4777467506891935 0.5466752346248676 0.5466752346248676
0.03625471183237102 0.4777467528022609 0.4777467528022609 0.03625471183237102 0.0 0.47774675060114896 0.546675234536823 0.546675234536823
0.4777467506891935 0.30622955150961156 0.30622955150961156 0.4777467506891935 0.47774675060114896 0.0 0.546675226832931 0.546675226832931
0.5466752346248676 0.5466752290340431 0.5466752290340431 0.5466752346248676 0.546675234536823 0.546675226832931 0.0 0.004058381789639111
0.5466752346248676 0.5466752290340431 0.5466752290340431 0.5466752346248676 0.546675234536823 0.546675226832931 0.004058381789639111 0.0
