0.0 0.1535253930056311 0.24899759090937296 0.24899759090937296 0.248997591547807 0.248997591547807 0.7225919125274766 0.7225919125274766
0.1535253930056311 0.0 0.24899759090937296 0.24899759090937296 0.248997591547807 0.248997591547807 0.7225919125274766 0.7225919125274766
0.24899759090937296 0.24899759090937296 0.0 0.02019577262925634 0.0734704626749595 0.0734704626749595 0.7225919157196466 0.7225919157196466
0.24899759090937296 0.24899759090937296 0.02019577262925634 0.0 0.0734704626749595 0.0734704626749595 0.7225919157196466 0.7225919157196466
0.248997591547807 0.248997591547807 0.0734704626749595 0.0734704626749595 0.0 0.0579497924111815 0.7225919163580806 0.7225919163580806
0.248997591547807 0.248997591547807 0.0734704626749595 0.0734704626749595 0.0579497924111815 0.0 0.7225919163580806 0.7225919163580806
0.7225919125274766 0.7225919125274766 0.7225919157196466 0.7225919157196466 0.7225919163580806 0.7225919163580806 0.0 0.0006771594840412073
0.7225919125274766 0.7225919125274766 0.7225919157196466 0.7225919157196466 0.7225919163580806 0.7225919163580806 0.0006771594840412073 0.0
