0.0 0.08801790620378763 0.12225655866661422 0.3012547671548598 0.001176557818742277 0.3012547671548598 0.3012547697526127 0.4935400282986911
0.08801790620378763 0.0 0.12225655823365537 0.301254766721901 0.08801790620378763 0.301254766721901 0.301254769319654 0.4935400278657324
0.12225655866661422 0.12225655823365537 0.0 0.301254766721901 0.12225655866661422 0.301254766721901 0.301254769319654 0.4935400278657324
0.3012547671548598 0.301254766721901 0.301254766721901 0.0 0.3012547671548598 0.22711265708085027 0.27310149777664 0.4935400252679794
0.001176557818742277 0.08801790620378763 0.12225655866661422 0.3012547671548598 0.0 0.3012547671548598 0.3012547697526127 0.4935400282986911
0.3012547671548598 0.301254766721901 0.301254766721901 0.22711265708085027 0.3012547671548598 0.0 0.27310149777664 0.4935400252679794
0.3012547697526127 0.301254769319654 0.301254769319654 0.27310149777664 0.3012547697526127 0.27310149777664 0.0 0.4935400278657323
0.4935400282986911 0.4935400278657324 0.4935400278657324 0.4935400252679794 0.4935400282986911 0.4935400252679794 0.4935400278657323 0.0
