0.0 0.3389555429064408 0.3389555423819291 0.2842162406178091 0.3389555429064408 0.3389555423819291 0.3389555423819291 0.35362140353625215
0.3389555429064408 0.0 0.3132796347565061 0.3389555429064408 0.23738836266721577 0.3132796347565061 0.3132796347565061 0.35362140668332287
0.3389555423819291 0.3132796347565061 0.0 0.3389555423819291 0.3132796347565061 0.04337097282591832 0.07554643653104677 0.35362140615881116
0.2842162406178091 0.3389555429064408 0.3389555423819291 0.0 0.3389555429064408 0.3389555423819291 0.3389555423819291 0.35362140353625215
0.3389555429064408 0.23738836266721577 0.3132796347565061 0.3389555429064408 0.0 0.3132796347565061 0.3132796347565061 0.35362140668332287
0.3389555423819291 0.3132796347565061 0.04337097282591832 0.3389555423819291 0.3132796347565061 0.0 0.07554643653104677 0.35362140615881116
0.3389555423819291 0.3132796347565061 0.07554643653104677 0.3389555423819291 0.3132796347565061 0.07554643653104677 0.0 0.35362140615881116
0.35362140353625215 0.35362140668332287 0.35362140615881116 0.35362140353625215 0.35362140668332287 0.35362140615881116 0.35362140615881116 0.0
