0.0 0.2178757146029447 4.915971145564805e-05 0.019004009379193186 0.23225766854889177 0.38084338502577014 0.4430733057136644 0.4430733057136644
0.2178757146029447 0.0 0.2178757146029447 0.21787571400324168 0.2322576695068589 0.3808433859837373 0.44307330667163153 0.44307330667163153
4.915971145564805e-05 0.2178757146029447 0.0 0.019004009379193186 0.23225766854889177 0.38084338502577014 0.4430733057136644 0.4430733057136644
0.019004009379193186 0.21787571400324168 0.019004009379193186 0.0 0.23225766794918876 0.38084338442606713 0.4430733051139613 0.4430733051139613
0.23225766854889177 0.2322576695068589 0.23225766854889177 0.23225766794918876 0.0 0.38084338489336816 0.4430733055812624 0.4430733055812624
0.38084338502577014 0.3808433859837373 0.38084338502577014 0.38084338442606713 0.38084338489336816 0.0 0.4430733079177676 0.4430733079177676
0.4430733057136644 0.44307330667163153 0.4430733057136644 0.4430733051139613 0.4430733055812624 0.4430733079177676 0.0 0.2638234488744503
0.4430733057136644 0.44307330667163153 0.4430733057136644 0.4430733051139613 0.4430733055812624 0.4430733079177676 0.2638234488744503 0.0
