0.0 0.3561058106846962 0.05290689602959681 0.5580446514014061 0.0013695526705870373 0.5580446514014061 0.558044653718802 0.5580446510703496
0.3561058106846962 0.0 0.35610581058537927 0.5580446509710326 0.3561058106846962 0.5580446509710326 0.5580446532884284 0.5580446506399761
0.05290689602959681 0.35610581058537927 0.0 0.5580446513020891 0.05290689602959681 0.5580446513020891 0.5580446536194851 0.5580446509710326
0.5580446514014061 0.5580446509710326 0.5580446513020891 0.0 0.5580446514014061 0.03112545537174256 0.20331566252836386 0.2390873184555524
0.0013695526705870373 0.3561058106846962 0.05290689602959681 0.5580446514014061 0.0 0.5580446514014061 0.558044653718802 0.5580446510703496
0.5580446514014061 0.5580446509710326 0.5580446513020891 0.03112545537174256 0.5580446514014061 0.0 0.20331566252836386 0.2390873184555524
0.558044653718802 0.5580446532884284 0.5580446536194851 0.20331566252836386 0.558044653718802 0.20331566252836386 0.0 0.2390873207729482
0.5580446510703496 0.5580446506399761 0.5580446509710326 0.2390873184555524 0.5580446510703496 0.2390873184555524 0.2390873207729482 0.0
