0.0 0.3473647223491839 0.3473647223491839 0.34736472435617 0.007504770536244365 0.3654529723822923 0.3654529723822923 0.392995014426173
0.3473647223491839 0.0 0.041312559312324686 0.23319687076152648 0.3473647223491839 0.3654529719808951 0.3654529719808951 0.39299501402477577
0.3473647223491839 0.041312559312324686 0.0 0.23319687076152648 0.3473647223491839 0.3654529719808951 0.3654529719808951 0.39299501402477577
0.34736472435617 0.23319687076152648 0.23319687076152648 0.0 0.34736472435617 0.3654529739878811 0.3654529739878811 0.3929950160317618
0.007504770536244365 0.3473647223491839 0.3473647223491839 0.34736472435617 0.0 0.3654529723822923 0.3654529723822923 0.392995014426173
0.3654529723822923 0.3654529719808951 0.3654529719808951 0.3654529739878811 0.3654529723822923 0.0 0.21917807527088654 0.3929950133557804
0.3654529723822923 0.3654529719808951 0.3654529719808951 0.3654529739878811 0.3654529723822923 0.21917807527088654 0.0 0.3929950133557804
0.392995014426173 0.39299501402477577 0.39299501402477577 0.3929950160317618 0.392995014426173 0.3929950133557804 0.3929950133557804 0.0
