0.0 0.24805978008831234 0.0595948336589578 0.4368503836702105 0.09729874326790464 0.4750008387026872 0.4750008387026872 0.47500083580697156
0.24805978008831234 0.0 0.24805978008831234 0.4368503853249053 0.24805978174300702 0.47500084035738194 0.47500084035738194 0.47500083746166627
0.0595948336589578 0.24805978008831234 0.0 0.4368503836702105 0.09729874326790464 0.4750008387026872 0.4750008387026872 0.47500083580697156
0.4368503836702105 0.4368503853249053 0.4368503836702105 0.0 0.4368503853249053 0.47500084035738194 0.47500084035738194 0.47500083746166627
0.09729874326790464 0.24805978174300702 0.09729874326790464 0.4368503853249053 0.0 0.47500084035738194 0.47500084035738194 0.47500083746166627
0.4750008387026872 0.47500084035738194 0.4750008387026872 0.47500084035738194 0.47500084035738194 0.0 0.044171832335985546 0.16402274750488607
0.4750008387026872 0.47500084035738194 0.4750008387026872 0.47500084035738194 0.47500084035738194 0.044171832335985546 0.0 0.16402274750488607
0.47500083580697156 0.47500083746166627 0.47500083580697156 0.47500083746166627 0.47500083746166627 0.16402274750488607 0.16402274750488607 0.0
