0.0 0.07256171235450265 0.12521638854545838 0.5534745159090578 0.12521638854545838 0.5534745159090578 0.5534745183489844 0.5534745183489844
0.07256171235450265 0.0 0.12521638854545838 0.5534745159090578 0.12521638854545838 0.5534745159090578 0.5534745183489844 0.5534745183489844
0.12521638854545838 0.12521638854545838 0.0 0.5534745159090578 0.021357108908004917 0.5534745159090578 0.5534745183489844 0.5534745183489844
0.5534745159090578 0.5534745159090578 0.5534745159090578 0.0 0.5534745159090578 0.014511763232338949 0.45843807653329305 0.45843807653329305
0.12521638854545838 0.12521638854545838 0.021357108908004917 0.5534745159090578 0.0 0.5534745159090578 0.5534745183489844 0.5534745183489844
0.5534745159090578 0.5534745159090578 0.5534745159090578 0.014511763232338949 0.5534745159090578 0.0 0.45843807653329305 0.45843807653329305
0.5534745183489844 0.5534745183489844 0.5534745183489844 0.45843807653329305 0.5534745183489844 0.45843807653329305 0.0 0.20096591616835963
0.5534745183489844 0.5534745183489844 0.5534745183489844 0.45843807653329305 0.5534745183489844 0.45843807653329305 0.20096591616835963 0.0
