0.0 0.36035703420917425 0.36035703420917425 0.21866963356276242 0.11738140164863455 0.36035703334296154 0.3603570320436426 0.3603570320436426
0.36035703420917425 0.0 0.08195164329046119 0.3603570298781111 0.36035703420917425 0.2503894361013275 0.260950873603794 0.349942952903011
0.36035703420917425 0.08195164329046119 0.0 0.3603570298781111 0.36035703420917425 0.2503894361013275 0.260950873603794 0.349942952903011
0.21866963356276242 0.3603570298781111 0.3603570298781111 0.0 0.21866963356276242 0.36035702901189837 0.36035702771257944 0.36035702771257944
0.11738140164863455 0.36035703420917425 0.36035703420917425 0.21866963356276242 0.0 0.36035703334296154 0.3603570320436426 0.3603570320436426
0.36035703334296154 0.2503894361013275 0.2503894361013275 0.36035702901189837 0.36035703334296154 0.0 0.2609508727375813 0.3499429520367983
0.3603570320436426 0.260950873603794 0.260950873603794 0.36035702771257944 0.3603570320436426 0.2609508727375813 0.0 0.34994295073747933
0.3603570320436426 0.349942952903011 0.349942952903011 0.36035702771257944 0.3603570320436426 0.3499429520367983 0.34994295073747933 0.0
