0.0 0.368616327291432 0.3686163280858678 0.368616327291432 0.21840397689410923 0.3686163280858678 0.36861633126361104 0.3951744721501318
0.368616327291432 0.0 0.25534034842154824 0.04668830314848799 0.368616327291432 0.25534034842154824 0.2946547758479266 0.39517447082607216
0.3686163280858678 0.25534034842154824 0.0 0.25534034842154824 0.3686163280858678 0.0259473206536771 0.2946547766423624 0.39517447162050795
0.368616327291432 0.04668830314848799 0.25534034842154824 0.0 0.368616327291432 0.25534034842154824 0.2946547758479266 0.39517447082607216
0.21840397689410923 0.368616327291432 0.3686163280858678 0.368616327291432 0.0 0.3686163280858678 0.36861633126361104 0.3951744721501318
0.3686163280858678 0.25534034842154824 0.0259473206536771 0.25534034842154824 0.3686163280858678 0.0 0.2946547766423624 0.39517447162050795
0.36861633126361104 0.2946547758479266 0.2946547766423624 0.2946547758479266 0.36861633126361104 0.2946547766423624 0.0 0.3951744747982512
0.3951744721501318 0.39517447082607216 0.39517447162050795 0.39517447082607216 0.3951744721501318 0.39517447162050795 0.3951744747982512 0.0
