0.0 0.11952599795845391 0.009953458828357424 0.1663163685790975 0.5829589002539038 0.5829589002539038 0.5829589002539038 0.5829588974261782
0.11952599795845391 0.0 0.11952599795845391 0.16631636843771122 0.5829589001125175 0.5829589001125175 0.5829589001125175 0.5829588972847919
0.009953458828357424 0.11952599795845391 0.0 0.1663163685790975 0.5829589002539038 0.5829589002539038 0.5829589002539038 0.5829588974261782
0.1663163685790975 0.16631636843771122 0.1663163685790975 0.0 0.5829589001125175 0.5829589001125175 0.5829589001125175 0.5829588972847919
0.5829589002539038 0.5829589001125175 0.5829589002539038 0.5829589001125175 0.0 0.05314397323760593 0.1385212052606767 0.3466211987384992
0.5829589002539038 0.5829589001125175 0.5829589002539038 0.5829589001125175 0.05314397323760593 0.0 0.1385212052606767 0.3466211987384992
0.5829589002539038 0.5829589001125175 0.5829589002539038 0.5829589001125175 0.1385212052606767 0.1385212052606767 0.0 0.3466211987384992
0.5829588974261782 0.5829588972847919 0.5829588974261782 0.5829588972847919 0.3466211987384992 0.3466211987384992 0.3466211987384992 0.0
