0.0 0.4646596015925378 0.035861600554947526 0.12542968733377952 0.4646596015925378 0.4646596022946074 0.4646596022946074 0.4646596022946074
0.4646596015925378 0.0 0.4646596015925378 0.4646596027626539 0.1760109407433093 0.32145317334638757 0.32145317334638757 0.32145317334638757
0.035861600554947526 0.4646596015925378 0.0 0.12542968733377952 0.4646596015925378 0.4646596022946074 0.4646596022946074 0.4646596022946074
0.12542968733377952 0.4646596027626539 0.12542968733377952 0.0 0.4646596027626539 0.46465960346472357 0.46465960346472357 0.46465960346472357
0.4646596015925378 0.1760109407433093 0.4646596015925378 0.4646596027626539 0.0 0.32145317334638757 0.32145317334638757 0.32145317334638757
0.4646596022946074 0.32145317334638757 0.4646596022946074 0.46465960346472357 0.32145317334638757 0.0 0.1291952767447954 0.2827301162195194
0.4646596022946074 0.32145317334638757 0.4646596022946074 0.46465960346472357 0.32145317334638757 0.1291952767447954 0.0 0.2827301162195194
0.4646596022946074 0.32145317334638757 0.4646596022946074 0.46465960346472357 0.32145317334638757 0.2827301162195194 0.2827301162195194 0.0
