0.0 0.3476432568633017 0.3476432568633017 0.2953474320898919 0.17943347091117715 0.3476432567158865 0.3476432533655403 0.4355772334444096
0.3476432568633017 0.0 0.00025551377483204305 0.34764325887350944 0.3476432568633017 0.026500239888363395 0.27966561973103016 0.43557723493196326
0.3476432568633017 0.00025551377483204305 0.0 0.34764325887350944 0.3476432568633017 0.026500239888363395 0.27966561973103016 0.43557723493196326
0.2953474320898919 0.34764325887350944 0.34764325887350944 0.0 0.2953474320898919 0.3476432587260942 0.34764325537574803 0.4355772354546173
0.17943347091117715 0.3476432568633017 0.3476432568633017 0.2953474320898919 0.0 0.3476432567158865 0.3476432533655403 0.4355772334444096
0.3476432567158865 0.026500239888363395 0.026500239888363395 0.3476432587260942 0.3476432567158865 0.0 0.2796656195836149 0.435577234784548
0.3476432533655403 0.27966561973103016 0.27966561973103016 0.34764325537574803 0.3476432533655403 0.2796656195836149 0.0 0.4355772314342019
0.4355772334444096 0.43557723493196326 0.43557723493196326 0.4355772354546173 0.4355772334444096 0.435577234784548 0.4355772314342019 0.0
