0.0 0.23059397687891303 0.3482769853060105 0.3482769866135319 0.3482769866135319 0.34827698493554604 0.3482769871147485 0.3737920473705069
0.23059397687891303 0.0 0.3482769853060105 0.3482769866135319 0.3482769866135319 0.34827698493554604 0.3482769871147485 0.3737920473705069
0.3482769853060105 0.3482769853060105 0.0 0.18083108479798007 0.18083108479798007 0.1830851549512407 0.3044864184069533 0.37379204556176887
0.3482769866135319 0.3482769866135319 0.18083108479798007 0.0 0.005142283980831271 0.18308515625876218 0.3044864197144747 0.3737920468692903
0.3482769866135319 0.3482769866135319 0.18083108479798007 0.005142283980831271 0.0 0.18308515625876218 0.3044864197144747 0.3737920468692903
0.34827698493554604 0.34827698493554604 0.1830851549512407 0.18308515625876218 0.18308515625876218 0.0 0.30448641803648885 0.37379204519130443
0.3482769871147485 0.3482769871147485 0.3044864184069533 0.3044864197144747 0.3044864197144747 0.30448641803648885 0.0 0.3737920473705069
0.3737920473705069 0.3737920473705069 0.37379204556176887 0.3737920468692903 0.3737920468692903 0.37379204519130443 0.3737920473705069 0.0
