0.0 0.7189660495118577 0.0028589461310777305 0.7189660495118577 0.008508997104419859 0.7189660495118577 0.7189660495118577 0.71896605309682
0.7189660495118577 0.0 0.7189660495118577 0.04274209481549661 0.7189660495118577 0.128936332834436 0.128936332834436 0.30144026079069236
0.0028589461310777305 0.7189660495118577 0.0 0.7189660495118577 0.008508997104419859 0.7189660495118577 0.7189660495118577 0.71896605309682
0.7189660495118577 0.04274209481549661 0.7189660495118577 0.0 0.7189660495118577 0.128936332834436 0.128936332834436 0.30144026079069236
0.008508997104419859 0.7189660495118577 0.008508997104419859 0.7189660495118577 0.0 0.7189660495118577 0.7189660495118577 0.71896605309682
0.7189660495118577 0.128936332834436 0.7189660495118577 0.128936332834436 0.7189660495118577 0.0 0.07758126571519984 0.3014402607906924
0.7189660495118577 0.128936332834436 0.7189660495118577 0.128936332834436 0.7189660495118577 0.07758126571519984 0.0 0.3014402607906924
0.71896605309682 0.30144026079069236 0.71896605309682 0.30144026079069236 0.71896605309682 0.3014402607906924 0.3014402607906924 0.0
