0.0 0.17602190903814083 0.023072392185140587 0.04103794015551436 0.31928603572231123 0.4000320175613878 0.5010480676339991 0.5010480676339991
0.17602190903814083 0.0 0.17602190903814083 0.17602190903814083 0.31928603629263363 0.40003201813171035 0.5010480682043215 0.5010480682043215
0.023072392185140587 0.17602190903814083 0.0 0.04103794015551436 0.31928603572231123 0.4000320175613878 0.5010480676339991 0.5010480676339991
0.04103794015551436 0.17602190903814083 0.04103794015551436 0.0 0.31928603572231123 0.4000320175613878 0.5010480676339991 0.5010480676339991
0.31928603572231123 0.31928603629263363 0.31928603572231123 0.31928603572231123 0.0 0.40003201813171035 0.5010480682043216 0.5010480682043216
0.4000320175613878 0.40003201813171035 0.4000320175613878 0.4000320175613878 0.40003201813171035 0.0 0.5010480682043216 0.5010480682043216
0.5010480676339991 0.5010480682043215 0.5010480676339991 0.5010480676339991 0.5010480682043216 0.5010480682043216 0.0 0.03845356835853982
0.5010480676339991 0.5010480682043215 0.5010480676339991 0.5010480676339991 0.5010480682043216 0.5010480682043216 0.03845356835853982 0.0
