0.0 0.033249976110003736 0.3225978957193573 0.3225978957193573 0.03824332162412755 0.3225978938510539 0.4942558468500542 0.4942558468500542
0.033249976110003736 0.0 0.3225978957193573 0.3225978957193573 0.03824332162412755 0.3225978938510539 0.4942558468500542 0.4942558468500542
0.3225978957193573 0.3225978957193573 0.0 0.080096820193108 0.3225978957193573 0.22554553694850699 0.4942558496525094 0.4942558496525094
0.3225978957193573 0.3225978957193573 0.080096820193108 0.0 0.3225978957193573 0.22554553694850699 0.4942558496525094 0.4942558496525094
0.03824332162412755 0.03824332162412755 0.3225978957193573 0.3225978957193573 0.0 0.3225978938510539 0.4942558468500542 0.4942558468500542
0.3225978938510539 0.3225978938510539 0.22554553694850699 0.22554553694850699 0.3225978938510539 0.0 0.4942558477842059 0.4942558477842059
0.4942558468500542 0.4942558468500542 0.4942558496525094 0.4942558496525094 0.4942558468500542 0.4942558477842059 0.0 0.3117547547706363
0.4942558468500542 0.4942558468500542 0.4942558496525094 0.4942558496525094 0.4942558468500542 0.4942558477842059 0.3117547547706363 0.0
