0.0 0.4011155690217665 0.4011155690217665 0.0019840830472199547 0.4011155695616971 0.4011155704315851 0.4011155695317009 0.5278451767360517
0.4011155690217665 0.0 0.005177170875672553 0.4011155690217665 0.1648187094918192 0.16572512001187922 0.20548898928015688 0.5278451790757507
0.4011155690217665 0.005177170875672553 0.0 0.4011155690217665 0.1648187094918192 0.16572512001187922 0.20548898928015688 0.5278451790757507
0.0019840830472199547 0.4011155690217665 0.4011155690217665 0.0 0.4011155695616971 0.4011155704315851 0.4011155695317009 0.5278451767360517
0.4011155695616971 0.1648187094918192 0.1648187094918192 0.4011155695616971 0.0 0.16572512055180974 0.2054889898200874 0.5278451796156812
0.4011155704315851 0.16572512001187922 0.16572512001187922 0.4011155704315851 0.16572512055180974 0.0 0.2054889906899755 0.5278451804855693
0.4011155695317009 0.20548898928015688 0.20548898928015688 0.4011155695317009 0.2054889898200874 0.2054889906899755 0.0 0.5278451795856851
0.5278451767360517 0.5278451790757507 0.5278451790757507 0.5278451767360517 0.5278451796156812 0.5278451804855693 0.5278451795856851 0.0
