0.0 0.14079297670295018 0.2245056588621922 0.2245056588621922 0.18476865862652855 0.5016137605878749 0.5016137605878749 0.5016137672160814
0.14079297670295018 0.0 0.2245056588621922 0.2245056588621922 0.18476865862652855 0.5016137605878749 0.5016137605878749 0.5016137672160814
0.2245056588621922 0.2245056588621922 0.0 0.029677957895900428 0.2245056588621922 0.5016137594831739 0.5016137594831739 0.5016137661113803
0.2245056588621922 0.2245056588621922 0.029677957895900428 0.0 0.2245056588621922 0.5016137594831739 0.5016137594831739 0.5016137661113803
0.18476865862652855 0.18476865862652855 0.2245056588621922 0.2245056588621922 0.0 0.5016137605878749 0.5016137605878749 0.5016137672160814
0.5016137605878749 0.5016137605878749 0.5016137594831739 0.5016137594831739 0.5016137605878749 0.0 0.0705966822804233 0.3464305389327502
0.5016137605878749 0.5016137605878749 0.5016137594831739 0.5016137594831739 0.5016137605878749 0.0705966822804233 0.0 0.3464305389327502
0.5016137672160814 0.5016137672160814 0.5016137661113803 0.5016137661113803 0.5016137672160814 0.3464305389327502 0.3464305389327502 0.0
