0.0 0.10658282338716958 0.6105785946345802 0.6105785947897684 0.6105785946345802 0.6105785947897684 0.6105785923843515 0.6105785931602925
0.10658282338716958 0.0 0.6105785946345802 0.6105785947897684 0.6105785946345802 0.6105785947897684 0.6105785923843515 0.6105785931602925
0.6105785946345802 0.6105785946345802 0.0 0.08957017452269284 0.08503169922046601 0.08957017452269284 0.2129829956371757 0.2694296391475892
0.6105785947897684 0.6105785947897684 0.08957017452269284 0.0 0.08957017452269284 0.015245482385073904 0.2129829957923639 0.2694296393027774
0.6105785946345802 0.6105785946345802 0.08503169922046601 0.08957017452269284 0.0 0.08957017452269284 0.2129829956371757 0.2694296391475892
0.6105785947897684 0.6105785947897684 0.08957017452269284 0.015245482385073904 0.08957017452269284 0.0 0.2129829957923639 0.2694296393027774
0.6105785923843515 0.6105785923843515 0.2129829956371757 0.2129829957923639 0.2129829956371757 0.2129829957923639 0.0 0.26942963689736055
0.6105785931602925 0.6105785931602925 0.2694296391475892 0.2694296393027774 0.2694296391475892 0.2694296393027774 0.26942963689736055 0.0
