0.0 0.19023981355111727 0.28123119992850126 0.28123119992850126 0.2812311998633429 0.5722696098399286 0.5722696098399286 0.572269613097846
0.19023981355111727 0.0 0.28123119992850126 0.28123119992850126 0.2812311998633429 0.5722696098399286 0.5722696098399286 0.572269613097846
0.28123119992850126 0.28123119992850126 0.0 0.0033013290010940623 0.0093574755433235 0.572269613488796 0.572269613488796 0.5722696167467133
0.28123119992850126 0.28123119992850126 0.0033013290010940623 0.0 0.0093574755433235 0.572269613488796 0.572269613488796 0.5722696167467133
0.2812311998633429 0.2812311998633429 0.0093574755433235 0.0093574755433235 0.0 0.5722696134236377 0.5722696134236377 0.572269616681555
0.5722696098399286 0.5722696098399286 0.572269613488796 0.572269613488796 0.5722696134236377 0.0 0.07193731646172359 0.2993936389927566
0.5722696098399286 0.5722696098399286 0.572269613488796 0.572269613488796 0.5722696134236377 0.07193731646172359 0.0 0.2993936389927566
0.572269613097846 0.572269613097846 0.5722696167467133 0.5722696167467133 0.572269616681555 0.2993936389927566 0.2993936389927566 0.0
