0.0 0.03557974087491695 0.04024933325449309 0.08837082108183344 0.08181935876585178 0.6064580406104686 0.6064580406104686 0.6064580401333526
0.03557974087491695 0.0 0.04024933325449309 0.08837082108183344 0.08181935876585178 0.6064580406104686 0.6064580406104686 0.6064580401333526
0.04024933325449309 0.04024933325449309 0.0 0.08837082108183344 0.08181935876585178 0.6064580406104686 0.6064580406104686 0.6064580401333526
0.08837082108183344 0.08837082108183344 0.08837082108183344 0.0 0.08837082227462353 0.6064580410875847 0.6064580410875847 0.6064580406104686
0.08181935876585178 0.08181935876585178 0.08181935876585178 0.08837082227462353 0.0 0.6064580418032588 0.6064580418032588 0.6064580413261428
0.6064580406104686 0.6064580406104686 0.6064580406104686 0.6064580410875847 0.6064580418032588 0.0 0.018542638594029028 0.5225220250151484
0.6064580406104686 0.6064580406104686 0.6064580406104686 0.6064580410875847 0.6064580418032588 0.018542638594029028 0.0 0.5225220250151484
0.6064580401333526 0.6064580401333526 0.6064580401333526 0.6064580406104686 0.6064580413261428 0.5225220250151484 0.5225220250151484 0.0
