0.0 0.29732537107222423 0.10699929675059577 0.29732537107222423 0.17832508303681874 0.2973253691716073 0.407894480643321 0.45403584096479316
0.29732537107222423 0.0 0.29732537107222423 0.0006856751123161907 0.29732537107222423 0.10069841145513772 0.40789448254393795 0.45403584286541004
0.10699929675059577 0.29732537107222423 0.0 0.29732537107222423 0.17832508303681874 0.2973253691716073 0.407894480643321 0.45403584096479316
0.29732537107222423 0.0006856751123161907 0.29732537107222423 0.0 0.29732537107222423 0.10069841145513772 0.40789448254393795 0.45403584286541004
0.17832508303681874 0.29732537107222423 0.17832508303681874 0.29732537107222423 0.0 0.2973253691716073 0.407894480643321 0.45403584096479316
0.2973253691716073 0.10069841145513772 0.2973253691716073 0.10069841145513772 0.2973253691716073 0.0 0.407894480643321 0.45403584096479316
0.407894480643321 0.40789448254393795 0.407894480643321 0.40789448254393795 0.407894480643321 0.407894480643321 0.0 0.45403584096479316
0.45403584096479316 0.45403584286541004 0.45403584096479316 0.45403584286541004 0.45403584096479316 0.45403584096479316 0.45403584096479316 0.0
