0.0 0.021346360998267505 0.13169893698518648 0.7750181184655939 0.13169893698518648 0.7750181184655939 0.7750181185349453 0.7750181178414308
0.021346360998267505 0.0 0.13169893698518648 0.7750181184655939 0.13169893698518648 0.7750181184655939 0.7750181185349453 0.7750181178414308
0.13169893698518648 0.13169893698518648 0.0 0.7750181184655939 0.09869329838305478 0.7750181184655939 0.7750181185349453 0.7750181178414308
0.7750181184655939 0.7750181184655939 0.7750181184655939 0.0 0.7750181184655939 0.026894938504249153 0.03688268531127031 0.1344475434415961
0.13169893698518648 0.13169893698518648 0.09869329838305478 0.7750181184655939 0.0 0.7750181184655939 0.7750181185349453 0.7750181178414308
0.7750181184655939 0.7750181184655939 0.7750181184655939 0.026894938504249153 0.7750181184655939 0.0 0.03688268531127031 0.1344475434415961
0.7750181185349453 0.7750181185349453 0.7750181185349453 0.03688268531127031 0.7750181185349453 0.03688268531127031 0.0 0.13444754351094754
0.7750181178414308 0.7750181178414308 0.7750181178414308 0.1344475434415961 0.7750181178414308 0.1344475434415961 0.13444754351094754 0.0
