0.0 0.22880031635869436 0.20262857673380133 0.22880031635869436 0.14454090835951616 0.22880031635869436 0.22880031665085926 0.6297907447273573
0.22880031635869436 0.0 0.22880032001075523 0.01631391526578552 0.22880031635869436 0.06888950840404826 0.07924528177137906 0.6297907444351923
0.20262857673380133 0.22880032001075523 0.0 0.22880032001075523 0.20262857673380133 0.22880032001075523 0.22880032030292013 0.6297907483794182
0.22880031635869436 0.01631391526578552 0.22880032001075523 0.0 0.22880031635869436 0.06888950840404826 0.07924528177137906 0.6297907444351923
0.14454090835951616 0.22880031635869436 0.20262857673380133 0.22880031635869436 0.0 0.22880031635869436 0.22880031665085926 0.6297907447273573
0.22880031635869436 0.06888950840404826 0.22880032001075523 0.06888950840404826 0.22880031635869436 0.0 0.07924528177137906 0.6297907444351923
0.22880031665085926 0.07924528177137906 0.22880032030292013 0.07924528177137906 0.22880031665085926 0.07924528177137906 0.0 0.6297907447273573
0.6297907447273573 0.6297907444351923 0.6297907483794182 0.6297907444351923 0.6297907447273573 0.6297907444351923 0.6297907447273573 0.0
