0.0 0.4579929028695299 0.1340397150271152 0.3907271217862492 0.4579929028695299 0.4579929043419489 0.4579929043419489 0.4579929043419489
0.4579929028695299 0.0 0.4579929028695299 0.4579928995974879 0.01610405534168793 0.21212373411700536 0.2633541385481623 0.2633541385481623
0.1340397150271152 0.4579929028695299 0.0 0.3907271217862492 0.4579929028695299 0.4579929043419489 0.4579929043419489 0.4579929043419489
0.3907271217862492 0.4579928995974879 0.3907271217862492 0.0 0.4579928995974879 0.45799290106990687 0.45799290106990687 0.45799290106990687
0.4579929028695299 0.01610405534168793 0.4579929028695299 0.4579928995974879 0.0 0.21212373411700536 0.2633541385481623 0.2633541385481623
0.4579929043419489 0.21212373411700536 0.4579929043419489 0.45799290106990687 0.21212373411700536 0.0 0.2633541400205812 0.2633541400205812
0.4579929043419489 0.2633541385481623 0.4579929043419489 0.45799290106990687 0.2633541385481623 0.2633541400205812 0.0 0.0676654297679247
0.4579929043419489 0.2633541385481623 0.4579929043419489 0.45799290106990687 0.2633541385481623 0.2633541400205812 0.0676654297679247 0.0
