0.0 0.09737103617572213 0.4717912949364222 0.4717912949364222 0.2932094335497122 0.47179129416457977 0.47179129416457977 0.47179129416457977
0.09737103617572213 0.0 0.4717912949364222 0.4717912949364222 0.2932094335497122 0.47179129416457977 0.47179129416457977 0.47179129416457977
0.4717912949364222 0.4717912949364222 0.0 0.2578704183673577 0.4717912949364223 0.33329871607060313 0.33329871607060313 0.33329871607060313
0.4717912949364222 0.4717912949364222 0.2578704183673577 0.0 0.4717912949364223 0.33329871607060313 0.33329871607060313 0.33329871607060313
0.2932094335497122 0.2932094335497122 0.4717912949364223 0.4717912949364223 0.0 0.4717912941645798 0.4717912941645798 0.4717912941645798
0.47179129416457977 0.47179129416457977 0.33329871607060313 0.33329871607060313 0.4717912941645798 0.0 0.009667734276963014 0.06500007245864005
0.47179129416457977 0.47179129416457977 0.33329871607060313 0.33329871607060313 0.4717912941645798 0.009667734276963014 0.0 0.06500007245864005
0.47179129416457977 0.47179129416457977 0.33329871607060313 0.33329871607060313 0.4717912941645798 0.06500007245864005 0.06500007245864005 0.0
