0.0 0.3193178594084683 0.1744402282052759 0.3193178594084683 0.15688280979677058 0.3193178583237946 0.4684073280536515 0.4684073280536515
0.3193178594084683 0.0 0.3193178594084683 0.037935598641134737 0.3193178594084683 0.08058724042610962 0.4684073291383252 0.4684073291383252
0.1744402282052759 0.3193178594084683 0.0 0.3193178594084683 0.1744402282052759 0.3193178583237946 0.4684073280536515 0.4684073280536515
0.3193178594084683 0.037935598641134737 0.3193178594084683 0.0 0.3193178594084683 0.08058724042610962 0.4684073291383252 0.4684073291383252
0.15688280979677058 0.3193178594084683 0.1744402282052759 0.3193178594084683 0.0 0.3193178583237946 0.4684073280536515 0.4684073280536515
0.3193178583237946 0.08058724042610962 0.3193178583237946 0.08058724042610962 0.3193178583237946 0.0 0.4684073280536515 0.4684073280536515
0.4684073280536515 0.4684073291383252 0.4684073280536515 0.4684073291383252 0.4684073280536515 0.4684073280536515 0.0 0.2940216074149374
0.4684073280536515 0.4684073291383252 0.4684073280536515 0.4684073291383252 0.4684073280536515 0.4684073280536515 0.2940216074149374 0.0
