0.0 0.0035203773903838254 0.4769888319460844 0.47698883256910585 0.4769888319460844 0.4769888334724871 0.614056266467607 0.614056266467607
0.0035203773903838254 0.0 0.4769888319460844 0.47698883256910585 0.4769888319460844 0.4769888334724871 0.614056266467607 0.614056266467607
0.4769888319460844 0.4769888319460844 0.0 0.08948852461618602 0.01909378924615355 0.0932885811971754 0.6140562678071032 0.6140562678071032
0.47698883256910585 0.47698883256910585 0.08948852461618602 0.0 0.08948852461618602 0.09328858182019693 0.6140562684301248 0.6140562684301248
0.4769888319460844 0.4769888319460844 0.01909378924615355 0.08948852461618602 0.0 0.0932885811971754 0.6140562678071032 0.6140562678071032
0.4769888334724871 0.4769888334724871 0.0932885811971754 0.09328858182019693 0.0932885811971754 0.0 0.614056269333506 0.614056269333506
0.614056266467607 0.614056266467607 0.6140562678071032 0.6140562684301248 0.6140562678071032 0.614056269333506 0.0 0.08950735917988245
0.614056266467607 0.614056266467607 0.6140562678071032 0.6140562684301248 0.6140562678071032 0.614056269333506 0.08950735917988245 0.0
