0.0 0.35776078788834853 0.10335919804103003 0.35776078788834853 0.4814870463640422 0.4814870463640422 0.4814870459811349 0.48148705213500187
0.35776078788834853 0.0 0.35776078788834853 0.2505483037065834 0.48148704089393835 0.48148704089393835 0.48148704051103103 0.48148704666489794
0.10335919804103003 0.35776078788834853 0.0 0.35776078788834853 0.4814870463640422 0.4814870463640422 0.4814870459811349 0.48148705213500187
0.35776078788834853 0.2505483037065834 0.35776078788834853 0.0 0.48148704089393835 0.48148704089393835 0.48148704051103103 0.48148704666489794
0.4814870463640422 0.48148704089393835 0.4814870463640422 0.48148704089393835 0.0 0.0008767066246506859 0.03298683422166629 0.2914940768716877
0.4814870463640422 0.48148704089393835 0.4814870463640422 0.48148704089393835 0.0008767066246506859 0.0 0.03298683422166629 0.2914940768716877
0.4814870459811349 0.48148704051103103 0.4814870459811349 0.48148704051103103 0.03298683422166629 0.03298683422166629 0.0 0.2914940764887805
0.48148705213500187 0.48148704666489794 0.48148705213500187 0.48148704666489794 0.2914940768716877 0.2914940768716877 0.2914940764887805 0.0
