0.0 0.07783109965780066 0.7781915776711583 0.7781915776711583 0.1313810548379981 0.7781915776711583 0.7781915776711583 0.7781915776711583
0.07783109965780066 0.0 0.7781915776711583 0.7781915776711583 0.1313810548379981 0.7781915776711583 0.7781915776711583 0.7781915776711583
0.7781915776711583 0.7781915776711583 0.0 0.013995075432468933 0.7781915755006553 0.03001362837154819 0.0457053157073727 0.14469067282099782
0.7781915776711583 0.7781915776711583 0.013995075432468933 0.0 0.7781915755006553 0.03001362837154819 0.0457053157073727 0.14469067282099782
0.1313810548379981 0.1313810548379981 0.7781915755006553 0.7781915755006553 0.0 0.7781915755006553 0.7781915755006553 0.7781915755006553
0.7781915776711583 0.7781915776711583 0.03001362837154819 0.03001362837154819 0.7781915755006553 0.0 0.0457053157073727 0.14469067282099782
0.7781915776711583 0.7781915776711583 0.0457053157073727 0.0457053157073727 0.7781915755006553 0.0457053157073727 0.0 0.14469067282099782
0.7781915776711583 0.7781915776711583 0.14469067282099782 0.14469067282099782 0.7781915755006553 0.14469067282099782 0.14469067282099782 0.0
