0.0 0.3952190400021071 0.15177133139409033 0.4289873447486181 0.4289873447486181 0.42898734362945057 0.4289873440025064 0.4289873440025064
0.3952190400021071 0.0 0.3952190400021071 0.42898734474861805 0.42898734474861805 0.4289873436294505 0.4289873440025064 0.4289873440025064
0.15177133139409033 0.3952190400021071 0.0 0.4289873447486181 0.4289873447486181 0.42898734362945057 0.4289873440025064 0.4289873440025064
0.4289873447486181 0.42898734474861805 0.4289873447486181 0.0 0.026643904331050804 0.16855441361267257 0.39102354355024316 0.39102354355024316
0.4289873447486181 0.42898734474861805 0.4289873447486181 0.026643904331050804 0.0 0.16855441361267257 0.39102354355024316 0.39102354355024316
0.42898734362945057 0.4289873436294505 0.42898734362945057 0.16855441361267257 0.16855441361267257 0.0 0.3910235424310757 0.3910235424310757
0.4289873440025064 0.4289873440025064 0.4289873440025064 0.39102354355024316 0.39102354355024316 0.3910235424310757 0.0 0.008813079477878993
0.4289873440025064 0.4289873440025064 0.4289873440025064 0.39102354355024316 0.39102354355024316 0.3910235424310757 0.008813079477878993 0.0
