0.0 0.44121249306950855 0.08600981770495848 0.1429788883382829 0.005098787673525808 0.44121249306950855 0.4412124945099218 0.4412124919891986
0.44121249306950855 0.0 0.44121249382572547 0.4412124941858288 0.44121249306950855 0.04132098765219861 0.4066027211625322 0.435563809096845
0.08600981770495848 0.44121249382572547 0.0 0.14297888909449985 0.08600981770495848 0.44121249382572547 0.44121249526613876 0.4412124927454156
0.1429788883382829 0.4412124941858288 0.14297888909449985 0.0 0.1429788883382829 0.4412124941858288 0.441212495626242 0.44121249310551885
0.005098787673525808 0.44121249306950855 0.08600981770495848 0.1429788883382829 0.0 0.44121249306950855 0.4412124945099218 0.4412124919891986
0.44121249306950855 0.04132098765219861 0.44121249382572547 0.4412124941858288 0.44121249306950855 0.0 0.4066027211625322 0.435563809096845
0.4412124945099218 0.4066027211625322 0.44121249526613876 0.441212495626242 0.4412124945099218 0.4066027211625322 0.0 0.4355638105372582
0.4412124919891986 0.435563809096845 0.4412124927454156 0.44121249310551885 0.4412124919891986 0.435563809096845 0.4355638105372582 0.0
