0.0 0.24721529035388523 0.2729076007987907 0.2146900171343628 0.24721529035388523 0.49302861559473826 0.49302861559473826 0.4930286153478378
0.24721529035388523 0.0 0.2729075992556631 0.24721529035388523 0.0806640193647135 0.4930286140516107 0.4930286140516107 0.4930286138047103
0.2729076007987907 0.2729075992556631 0.0 0.2729076007987907 0.2729075992556631 0.49302861559473826 0.49302861559473826 0.4930286153478378
0.2146900171343628 0.24721529035388523 0.2729076007987907 0.0 0.24721529035388523 0.49302861559473826 0.49302861559473826 0.4930286153478378
0.24721529035388523 0.0806640193647135 0.2729075992556631 0.24721529035388523 0.0 0.4930286140516107 0.4930286140516107 0.4930286138047103
0.49302861559473826 0.4930286140516107 0.49302861559473826 0.49302861559473826 0.4930286140516107 0.0 0.0010298807578872971 0.1974359621909121
0.49302861559473826 0.4930286140516107 0.49302861559473826 0.49302861559473826 0.4930286140516107 0.0010298807578872971 0.0 0.1974359621909121
0.4930286153478378 0.4930286138047103 0.4930286153478378 0.4930286153478378 0.4930286138047103 0.1974359621909121 0.1974359621909121 0.0
