0.0 0.11084157788205251 0.15494468239048537 0.15494468244905332 0.15494468244905332 0.18958094413721632 0.5339302477925737 0.5339302477925737
0.11084157788205251 0.0 0.15494468239048537 0.15494468244905332 0.15494468244905332 0.18958094413721632 0.5339302477925737 0.5339302477925737
0.15494468239048537 0.15494468239048537 0.0 0.08519311364756166 0.08519311364756166 0.18958094355153696 0.5339302472068943 0.5339302472068943
0.15494468244905332 0.15494468244905332 0.08519311364756166 0.0 0.07612268907630126 0.18958094361010489 0.5339302472654622 0.5339302472654622
0.15494468244905332 0.15494468244905332 0.08519311364756166 0.07612268907630126 0.0 0.18958094361010489 0.5339302472654622 0.5339302472654622
0.18958094413721632 0.18958094413721632 0.18958094355153696 0.18958094361010489 0.18958094361010489 0.0 0.5339302466212149 0.5339302466212149
0.5339302477925737 0.5339302477925737 0.5339302472068943 0.5339302472654622 0.5339302472654622 0.5339302466212149 0.0 0.31545649897970546
0.5339302477925737 0.5339302477925737 0.5339302472068943 0.5339302472654622 0.5339302472654622 0.5339302466212149 0.31545649897970546 0.0
