0.0 0.3267947803999807 0.3267947803999807 0.06683388372661023 0.3267947811827963 0.3267947811827963 0.3267947793823205 0.556898499266815
0.3267947803999807 0.0 0.05538634121737815 0.3267947803999807 0.16770495678781655 0.16770495678781655 0.18142627500657804 0.5568984971532129
0.3267947803999807 0.05538634121737815 0.0 0.3267947803999807 0.16770495678781655 0.16770495678781655 0.18142627500657804 0.5568984971532129
0.06683388372661023 0.3267947803999807 0.3267947803999807 0.0 0.3267947811827963 0.3267947811827963 0.3267947793823205 0.556898499266815
0.3267947811827963 0.16770495678781655 0.16770495678781655 0.3267947811827963 0.0 0.08805676667645317 0.1814262757893936 0.5568984979360284
0.3267947811827963 0.16770495678781655 0.16770495678781655 0.3267947811827963 0.08805676667645317 0.0 0.1814262757893936 0.5568984979360284
0.3267947793823205 0.18142627500657804 0.18142627500657804 0.3267947793823205 0.1814262757893936 0.1814262757893936 0.0 0.5568984961355526
0.556898499266815 0.5568984971532129 0.5568984971532129 0.556898499266815 0.5568984979360284 0.5568984979360284 0.5568984961355526 0.0
