0.0 0.17539502525882342 0.05330828069884149 0.17539502525882342 0.05411936163891831 0.32387367304592896 0.32387367304592896 0.5740837618772745
0.17539502525882342 0.0 0.17539502525882342 0.0926813893698385 0.17539502533566373 0.32387367168201375 0.32387367168201375 0.5740837605133593
0.05330828069884149 0.17539502525882342 0.0 0.17539502525882342 0.05411936163891831 0.32387367304592896 0.32387367304592896 0.5740837618772745
0.17539502525882342 0.0926813893698385 0.17539502525882342 0.0 0.17539502533566373 0.32387367168201375 0.32387367168201375 0.5740837605133593
0.05411936163891831 0.17539502533566373 0.05411936163891831 0.17539502533566373 0.0 0.32387367312276927 0.32387367312276927 0.5740837619541148
0.32387367304592896 0.32387367168201375 0.32387367304592896 0.32387367168201375 0.32387367312276927 0.0 0.15245474840383844 0.5740837609936112
0.32387367304592896 0.32387367168201375 0.32387367304592896 0.32387367168201375 0.32387367312276927 0.15245474840383844 0.0 0.5740837609936112
0.5740837618772745 0.5740837605133593 0.5740837618772745 0.5740837605133593 0.5740837619541148 0.5740837609936112 0.5740837609936112 0.0
